1.0	-0.5325565385271523	0.22197306787760335	0.30426200199359654
1.02	-0.542521617281185	0.20197724578226972	0.2853028409229066
1.0404	-0.5517643766538749	0.18185448039768504	0.2661087536679935
1.061208	-0.5602071348996382	0.16163054388995132	0.24669472072718923
1.08243216	-0.5677706708840353	0.1413326919638094	0.22707701255031065
1.1040808032	-0.5743748485909087	0.12098963090086004	0.20727324696413552
1.126162419264	-0.5799393491661022	0.1006314740878211	0.18730245155137396
1.14868566764928	-0.5843845164518995	0.08028968781638017	0.1671851316284568
1.1716593810022657	-0.5876323206412584	0.05999702626986855	0.14694334441067436
1.195092568622311	-0.5896074429427921	0.03978745575926923	0.12660077985007787
1.2189944199947573	-0.5902384819546943	0.019696068429124226	0.10618284847312387
1.2433743083946525	-0.5894592797635556	-0.00024101418116148068	0.08571677632224953
1.2682417945625455	-0.5872103625878239	-0.019986747168269564	0.06523170680978249
1.2936066304537965	-0.5834404870653185	-0.03950327717316775	0.044758808916083546
1.3194787630628724	-0.5781082790480432	-0.058752065300270655	0.02433139070048001
1.3458683383241299	-0.571183947046944	-0.07769401704956974	0.003985016539576889
1.3727857050906125	-0.562651047323045	-0.09628961816061758	-0.01624237413768643
1.4002414191924248	-0.5525082721398291	-0.1144990752022433	-0.036310349581898216
1.4282462475762734	-0.5407712269997693	-0.13228245972462432	-0.056175873698087686
1.4568111725277988	-0.527474156946995	-0.14959985483006194	-0.07579320391758478
1.485947395978355	-0.5126715764263311	-0.1664115031235784	-0.09511380454314633
1.5156663438979219	-0.4964397519785025	-0.18267795518044447	-0.1140862820831721
1.5459796707758804	-0.4788779824832344	-0.19836021791818748	-0.132656350012678
1.5768992641913981	-0.46010961801713957	-0.2134199025848484	-0.15076683126119989
1.6084372494752261	-0.4402827559599993	-0.22781937246750883	-0.16835770748308204
1.6406059944647307	-0.41957055204071864	-0.24152189087348158	-0.18536622476074088
1.6734181143540252	-0.398171084814073	-0.2544917704220344	-0.2017270657704411
1.7068864766411058	-0.376306714802582	-0.26669452518005454	-0.21737259854592902
1.741024206173928	-0.35422288435343	-0.2780970276452758	-0.23223321175301065
1.7758446902974065	-0.3321863111844031	-0.2886676729817948	-0.24623774578785668
1.8113615841033548	-0.31048253755244665	-0.29837655319317946	-0.25931402799163894
1.847588815785422	-0.28941280778386513	-0.3071956440210509	-0.27138951880300916
1.8845405921011302	-0.26929025925366673	-0.31509900722063056	-0.28239207372990055
1.922231403943153	-0.25043542539705954	-0.32206301042881713	-0.292250823609013
1.960676032022016	-0.233171063527846	-0.3280665660496042	-0.3008971727444934
1.9998895526624565	-0.21781633468014006	-0.33309138939268107	-0.3082659111975083
2.0398873437157055	-0.20468037701926758	-0.3371222746897291	-0.3142964337637887
2.08068509059002	-0.1940553284038162	-0.34014738558304736	-0.3189340540571376
2.12229879240182	-0.18620886753044447	-0.3421585542735202	-0.3221313976393621
2.1647447682498564	-0.18137635725633597	-0.34315158081621805	-0.32384985331667365
2.2080396636148536	-0.17975268915090287	-0.3431265212024749	-0.32406105655968653
2.252200456887151	-0.1814839465839399	-0.3420879500664672	-0.32274837348269403
2.297244466024894	-0.18665902672106055	-0.3400451813619798	-0.3199083479101996
2.343189355345392	-0.19530139206245928	-0.33701242848706686	-0.31555206773810546
2.3900531424522997	-0.20736116215756578	-0.33300888445050597	-0.30970640006191325
2.437854205301346	-0.2227078081177925	-0.32805870315629293	-0.30241503745487097
2.4866112894073726	-0.24112377794745513	-0.32219086510204753	-0.2937392905076696
2.53634351519552	-0.2622994593348547	-0.31543891505959	-0.28375855463699845
2.587070385499431	-0.2858299757104751	-0.3078405658347244	-0.27257037283183677
2.6388117932094195	-0.31121440494163727	-0.29943717101554596	-0.2602900113577143
2.691588029073608	-0.3378580974762777	-0.2902730804967437	-0.247049463791802
2.74541978965508	-0.3650788365451767	-0.28039490498641473	-0.23299580184412677
2.8003281854481816	-0.39211760654738737	-0.2698507287835986	-0.21828880134509623
2.856334749157145	-0.4181546920237775	-0.25868932261431205	-0.20309779091530938
2.9134614441402884	-0.4423316914213582	-0.24695941865539453	-0.18759770154510044
2.971730673023094	-0.4637797711823318	-0.234709116252681	-0.17196433954385507
3.031165286483556	-0.48165408702487184	-0.22198548739384039	-0.15636896402341824
3.091788592213227	-0.4951737541241628	-0.20883444407194865	-0.14097232251367386
3.153624364057492	-0.5036660700496044	-0.19530091414732348	-0.12591838130982533
3.2166968513386416	-0.506612924453452	-0.18142934794293597	-0.11132807454228544
3.2810307883654146	-0.5036965392712476	-0.16726454557645953	-0.09729347829891219
3.346651404132723	-0.49484097446466385	-0.15285275738116033	-0.08387288105050428
3.4135844322153774	-0.480245331685866	-0.13824297063612345	-0.07108725498685389
3.481856120859685	-0.46040442326103775	-0.123488260395858	-0.05891862076187032
3.551493243276879	-0.43611296172772557	-0.1086470562940324	-0.047310729714864795
3.6225231081424165	-0.4084501358936542	-0.09378416625573786	-0.03617235823490786
3.694973570305265	-0.3787427694466095	-0.0789714059098222	-0.02538332298864629
3.76887304171137	-0.3485070093188725	-0.06428770994469896	-0.014803098376211271
3.8442505025455977	-0.3193704657553275	-0.049818645290493596	-0.004281674144726938
3.9211355125965097	-0.2929786473572516	-0.03565529767034864	0.0063279363677849615
3.99955822284844	-0.27089109539575346	-0.021892550336877793	0.017156306276318027
4.079549387305409	-0.2544735638685629	-0.008626802035138298	0.028304200986628426
4.1611403750515175	-0.2447928007653721	0.0040468328554961915	0.039830091984935805
4.244363182552547	-0.24252008042093942	0.016037842172992294	0.051739475612983324
4.329250446203599	-0.24784900966690518	0.02726422836030897	0.06397688036090576
4.41583545512767	-0.26043289196323877	0.037657177840857044	0.07642149912384721
4.504152164230224	-0.27934770994212854	0.04716670100358096	0.08888754830771599
4.594235207514829	-0.3030888674582487	0.055768410990843564	0.1011307127241474
4.686119911665125	-0.32961274187599054	0.06347139977464523	0.11286224546019902
4.779842309898428	-0.35643627910774117	0.0703267451451407	0.12377217637221011
4.875439156096396	-0.3808067561095978	0.07643554062293488	0.13356226631856238
4.972947939218325	-0.3999466015141145	0.08195456523160574	0.14198749806140593
5.072406898002691	-0.4113631156173269	0.08709699435275088	0.14890196942929337
5.173855035962745	-0.413191247397327	0.09212519255467358	0.1543015243116728
5.277332136682	-0.4045144774525151	0.09733296704544647	0.1583524318207184
5.38287877941564	-0.3855930945219742	0.10301597277540725	0.16139446515934947
5.490536355003953	-0.35793038516547737	0.10943130844549559	0.16390930854140884
5.600347082104032	-0.32413160498077376	0.11675043941479116	0.16645193262896218
5.712354023746113	-0.28755641721860636	0.1250127474743645	0.16955249055779387
5.8266011042210355	-0.2518216827605905	0.13408926712024608	0.17360678892117065
5.943133126305456	-0.22026000731844028	0.14366652425191084	0.17878082790776487
6.061995788831565	-0.19546133153599415	0.15325817683715243	0.18495583303692548
6.1832357046081965	-0.17900737874603645	0.162247354572576	0.19173275052663497
6.30690041870036	-0.17145106817055938	0.16995600830452628	0.19850003925241044
6.433038427074368	-0.1725087366766676	0.175730740067198	0.204549321250612
6.561699195615856	-0.18135025255581033	0.1790294183187727	0.2092061096981361
6.692933179528173	-0.19682883599083847	0.1794912217318508	0.21193482743326164
6.826791843118737	-0.21752403499886513	0.17697578610604325	0.21238503675392037
6.963327679981111	-0.24158812192028672	0.1715648790204939	0.21037074844679599
7.102594233580733	-0.2665487296755577	0.1635309332331046	0.20580951741981313
7.244646118252348	-0.2893349743627348	0.1532874533891853	0.19867562576269215
7.389539040617396	-0.3067517950822835	0.14134188262811956	0.18902114196570502
7.5373298214297435	-0.3163865702088786	0.12826703278737023	0.1770789707925686
7.688076417858339	-0.3175948222869997	0.11469066163785394	0.1633959620054967
7.841837946215505	-0.31200624452008946	0.10127889297800353	0.14888978057422503
7.998674705139815	-0.30312430862762485	0.08867074789134474	0.13472368348060967
8.158648199242611	-0.2950520689710136	0.07732503583935994	0.12196440081095275
8.321821163227465	-0.29089013863109386	0.06727849674127317	0.11110161064041751
8.488257586492013	-0.29158216438601386	0.057880371862853816	0.1016086119162903
8.658022738221854	-0.2957944448478243	0.04763804890919848	0.09176719813511452
8.831183192986291	-0.30093115588191804	0.034341029565455566	0.07894226124751563
9.007806856846017	-0.3048220453016288	0.015586592340007727	0.060364527953578745
9.187962993982937	-0.30721531904609156	-0.01030674719976421	0.034280762927795694
9.371722253862597	-0.31025375325637766	-0.04321279590122559	0.0011322765340540109
9.55915669893985	-0.3176948654347176	-0.08033350718648381	-0.03567662071030582
9.750339832918646	-0.3332913457200672	-0.11600487079152133	-0.0698166510155015
9.945346629577019	-0.3588768008209705	-0.14247918674123247	-0.09311130301194995
10.14425356216856	-0.39253067394929614	-0.1516783708269309	-0.09759428026821955
10.347138633411932	-0.42750885052351606	-0.13753310176251446	-0.07805333401455411
10.55408140608017	-0.4531712734057529	-0.09820422301386925	-0.034162666954985925
10.765163034201773	-0.4585224420633311	-0.037355195987745234	0.02873442689674585
10.98046629488581	-0.43699722665212	0.03617341992309088	0.10065579505825611
11.200075620783526	-0.3898672248380003	0.11040565451242354	0.1695614092703074
11.424077133199196	-0.32677555375435746	0.17338578145366818	0.22465275348979674
11.65255867586318	-0.263730706943323	0.21629426595037804	0.2592611245869122
11.885609849380444	-0.21878059330341906	0.23533950862256442	0.2721479182422831
12.123322046368054	-0.20503139125840752	0.23181407994870898	0.26654395117282487
12.365788487295415	-0.22317970098318113	0.21059727437716763	0.24753175732007254
12.613104257041323	-0.2596281419017896	0.17807580630982317	0.21964815630195542
12.86536634218215	-0.2949546098868254	0.14046348884272997	0.18640402546878226
13.122673669025794	-0.3174703507275417	0.10279999904667979	0.15123942517458544
13.38512714240631	-0.32747399130879035	0.06825096936596858	0.11742948829362487
13.652829685254435	-0.328139620789009	0.03763531344799416	0.08627307717655787
13.925886278959524	-0.3193966462232387	0.009865933305972352	0.05665015115740246
14.204404004538715	-0.3038947582851126	-0.016486186700419486	0.02748833665990079
14.48849208462949	-0.2899202311293054	-0.041830464928839725	-0.00042189924183343164
14.77826192632208	-0.2839363757749398	-0.0656765441320577	-0.02563741733429687
15.073827164848522	-0.28555243063017804	-0.08732310432332731	-0.04749927286316226
15.375303708145493	-0.29070801860606243	-0.10524271126932021	-0.06504034837404694
15.682809782308402	-0.2979208754298833	-0.11545469651163426	-0.07441320835543536
15.996465977954571	-0.30818654913876875	-0.11152120353065215	-0.06890069018813688
16.31639529751366	-0.3184004789092999	-0.087334210623943	-0.04272027017100227
16.642723203463937	-0.3272137424328506	-0.04007904688475258	0.006804643743272505
16.975577667533216	-0.3474512106405281	0.02822921510160047	0.07948729196796081
17.31508922088388	-0.38473106237115035	0.10898181082768438	0.16735887848238726
17.661391005301557	-0.398005105393462	0.18769893777780783	0.2496517435180587
18.014618825407588	-0.3395603511249324	0.2506859883285924	0.305427830957824
18.37491120191574	-0.24833421974102024	0.28857056581615875	0.3307978596495608
18.742409425954058	-0.21286406202734018	0.2899639113171762	0.3270475018486045
19.11725761447314	-0.24405361370521203	0.24251844959671498	0.28316206929532334
19.4996027667626	-0.2934962771833768	0.15193038827722619	0.19789714512224418
19.889594822097852	-0.3398318296424957	0.04567932490849388	0.09618978600028481
20.28738671853981	-0.3624372024833122	-0.05662363890985761	-0.004947872691663323
20.693134452910606	-0.3511469872751994	-0.15208996547044534	-0.10404957077344634
21.10699714196882	-0.3324124832833744	-0.22130796310533432	-0.17744172519120352
21.529137084808198	-0.31441008065230397	-0.22163649778260763	-0.18040245472461763
21.95971982650436	-0.29611135887795403	-0.13016671109978203	-0.08969561107799247
22.39891422303445	-0.29702561164531316	0.015093424330408028	0.05872410570223309
22.846892507495138	-0.31353641845253255	0.13226948979514436	0.18074916519020418
23.30383035764504	-0.318358374495734	0.18809614162197436	0.2384420741863934
23.769906964797944	-0.3307320691164574	0.23064272115790707	0.28367953792818024
24.2453051040939	-0.3111391590599567	0.27713585287210235	0.32828397716984814
24.73021120617578	-0.2500173527897246	0.2749739182095251	0.3171634054540583
25.224815430299294	-0.262658684377463	0.19915888594386322	0.24161242087274043
25.72931173890528	-0.29573212160083223	0.08987885892435764	0.13487893621873648
26.24389797368339	-0.3327511167863522	0.016089046241424276	0.06495043923613031
26.768775933157055	-0.3678004671279881	0.008883311585793682	0.06270594869999598
27.3041514518202	-0.3284127145768926	0.04345409957428983	0.09225291419121764
27.850234480856603	-0.27210444663557887	0.07996085861562754	0.12130860830447501
28.407239170473737	-0.28974484397002326	0.03503647645435655	0.07802085945945074
28.97538395388321	-0.3508059897146361	-0.10818633236190522	-0.05928100745272717
29.554891632960874	-0.36377066351834003	-0.22702581367878896	-0.17870562970067244
30.145989465620094	-0.35596337466550676	-0.2296632081668789	-0.18253653286496907
30.748909254932496	-0.3288827549264315	-0.030403221268498606	0.016925446715178906
31.363887440031146	-0.18995066365341975	0.3176206102664887	0.3519388447631643
31.99116518883177	-0.15360094806767435	0.44758597801182987	0.4793108241469455
32.6309884926084	-0.3919958966017096	0.23452936037167735	0.29658145696717
33.283608262460575	-0.44600356329247515	0.053024427317574736	0.11917128920017686
33.94928042770979	-0.19026464286041905	0.055262092770220456	0.08416031345341116
34.62826603626398	-0.296398414571432	0.020127674597717027	0.06377176994350336
35.32083135698926	-0.5023480534572747	-0.010166992687230827	0.06288028609430449
36.02724798412905	-0.28130037102964484	0.11443873485924712	0.1578458459439713
36.74779294381163	-0.26190982877219887	0.14794862484871776	0.18922607122901172
37.482748802687865	-0.36765652243420616	-0.03606409508534873	0.01680114578869489
38.23240377874162	-0.20889217388849154	-0.1841092441236914	-0.1574814113508632
38.99705185431645	-0.28917388178558134	-0.13915540132425713	-0.0998832810914485
39.776992891402784	-0.3765317766214562	0.07153022886801282	0.12793132606005875
40.57253274923084	-0.16062093475274522	0.23434096441728314	0.2626469541607519
41.383983404215456	-0.37003281550106853	0.1318521098798031	0.18856214776287147
42.21166307229977	-0.5166199070888016	0.029742820769923496	0.10570286598641379
43.055896333745764	-0.2097847925380027	0.19005310476490667	0.22460616002596764
43.91701426042068	-0.33897825810177806	0.14814140881353144	0.2006620174703227
44.795354545629095	-0.28456246714571903	-0.03992417797990889	0.0007427614375936794
45.691261636541675	-0.2807247665386778	-0.03576061978485792	0.00443339575651458
46.60508686927251	-0.29006939640938095	0.05741713463065201	0.1009151119118253
47.53718860665796	-0.23685716052241207	0.22452926017598093	0.26374862233916563
48.48793237879112	-0.4205019856383918	0.09093302861819423	0.15415067295333876
49.457691026366945	-0.35983530311081374	-0.14560686647209709	-0.09616436115327215
50.44684484689429	-0.2904763602319497	-0.07084292773714729	-0.029957686197845196
51.455781743832176	-0.3184007897179727	0.1495670972615794	0.19911652695506668
52.484897378708816	-0.24139886470902167	0.13956617334050342	0.1776778030551629
53.534595326283	-0.27908388376674365	0.014000992011873437	0.05499241239477097
54.60528723280866	-0.3461267284884035	0.08566982370186588	0.13793142626688026
55.69739297746483	-0.3492848543637101	0.023806147973899336	0.07523948398472996
56.81134083701413	-0.3161949625179088	-0.08827748455133186	-0.044004833445622865
57.94756765375441	-0.3577310567499579	-0.06660114495539274	-0.01581955636592785
59.1065190068295	-0.21305152984490366	0.46841336744328016	0.5092419940340637
60.28864938696609	-0.27753671153776466	0.307770784204322	0.3546567793078361
61.494422374705415	-0.3379109823436727	-0.3014934081346389	-0.2584958358789915
62.72431082219952	-0.38049611081964985	-0.24479686967386488	-0.194407788297538
63.97879703864351	-0.2792742840426852	0.006618937172729057	0.04748433145338585
65.2583729794164	-0.27442218393505713	0.32387865639993263	0.37064603023212706
66.56354043900471	-0.3127287888814065	0.2705312876021564	0.32177363780573975
67.89481124778482	-0.26438022257743776	0.04084456527897398	0.08025094284816234
69.25270747274051	-0.3676908606370985	-0.08089919892549832	-0.028963015060202664
70.63776162219531	-0.35506775412369146	-0.034577898857659224	0.01648244239251115
72.05051685463923	-0.18646706629266507	0.2254841412573054	0.2573748413678463
73.49152719173202	-0.4225324874570276	-0.049108885848430275	0.011487333450543938
74.96135773556665	-0.27265907411399803	-0.01259688575630466	0.026903460765397028
76.46058489027799	-0.3711486502232538	0.08226801549957347	0.13810777731337243
77.98979658808355	-0.25143293742751827	0.25107019485632054	0.2929681272906736
79.54959251984522	-0.26267797554074335	0.05919780841513676	0.09873830085681051
81.14058437024212	-0.2918927992734299	-0.25355121666317915	-0.2162658337829534
82.76339605764697	-0.44118545933345754	0.03886870059208377	0.10401801134054807
84.41866397879991	-0.20128940029463332	0.37124427409924643	0.40833323401928145
86.10703725837591	-0.351134498039098	-0.10262538632849731	-0.053556300912972477
87.82917800354343	-0.3413940339598743	0.0017981507132558139	0.0516222421389303
89.5857615636143	-0.3379918929418094	-0.15036963235352416	-0.1042118486402087
91.37747679488659	-0.11912397701701834	0.6021520863553677	0.6320691681360864
93.20502633078432	-0.31673935704272727	-0.19502148321098361	-0.15289327454248153
95.06912685740001	-0.4857255204756748	-0.07952920440625873	-0.010351091095353232
96.97050939454802	-0.3410005770012572	0.12439820079044256	0.17671908078626014
98.90991958243897	-0.42152314371698507	0.01712215506074699	0.07895099174990622
100.88811797408776	-0.37957399197728414	0.09132896279645776	0.14858619001807127
102.90588033356951	-0.23879389851311053	0.19651183571383857	0.23542994249103882
104.9639979402409	-0.3506757347061854	-0.12677593102239382	-0.07827688494070835
107.06327789904573	-0.2877977734791003	0.017825254460206996	0.060167122560496784
109.20454345702665	-0.2619446644198459	0.2498764435971739	0.2932824664000092
111.38863432616718	-0.31335527515557793	0.07915400449565582	0.12650069054950375
113.61640701269053	-0.34106053533685216	-0.023386979069157647	0.0258637869368592
115.88873515294434	-0.2303081704045442	0.09256822356550948	0.12808333640712025
118.20650985600322	-0.323536705664507	0.10118540886260755	0.15047587445665248
120.57064005312328	-0.3988022422540133	-0.009567234487376605	0.04839210845617998
122.98205285418575	-0.2586079904820349	0.15579324452105459	0.19675260239387332
125.44169391126948	-0.29734688211794463	0.1619885351029804	0.20872638322649273
127.95052778949487	-0.20730343878794952	0.0897432215859241	0.12184462352554015
130.50953834528477	-0.3044539917633915	-0.09534420439534017	-0.052931001521415125
133.11972911219047	-0.6161720907253413	0.007909134899071336	0.0979323384402476
135.7821236944343	-0.3724084981152631	0.06261057596422602	0.11822453560528993
138.49776616832295	-0.24299800612825653	-0.033503870206970515	0.0012353417240882625
141.26772149168943	-0.304017803081122	-0.1301534910125337	-0.08852909245929785
144.09307592152322	-0.20810820554271728	0.30987248243472043	0.34667727246042335
146.9749374399537	-0.3302874297713404	-0.000769998619841894	0.04738087658389856
149.91443618875277	-0.22219900592218833	0.2684895446789655	0.30648709855676315
152.9127249125278	-0.3438462936122077	-0.2342277690368914	-0.18896326307337963
155.97097941077837	-0.2564006070005337	0.2420303183811029	0.284464371868287
159.09039899899395	-0.34963022728830223	-0.0395818650184316	0.010581254273228494
162.27220697897383	-0.2196425741914641	0.03181009897786574	0.06450401810949319
165.51765111855332	-0.31812352069244376	-0.09227393354706488	-0.04780329372831396
168.82800414092438	-0.19010697500058138	0.36971177614177186	0.4051380386656436
172.20456422374286	-0.3165282115484925	-0.11931991948727921	-0.07564538695910902
175.64865550821773	-0.18932147479238476	0.3864833564633491	0.42214447479689166
179.16162861838208	-0.3164632785376988	0.11383926252375604	0.16236180861308203
182.74486119074973	-0.32703907726177117	0.19766667966936372	0.24947793426315046
186.39975841456473	-0.47064181212313183	-0.013307651548105738	0.055050369979265455
190.12775358285603	-0.3587902368044697	-0.07181223398751645	-0.020984745994937867
193.93030865451314	-0.1913723176488544	0.07708766787650465	0.10660212394772306
197.80891482760342	-0.3002452994960573	0.040292216103320844	0.08491741011531508
201.7650931241555	-0.3850623444088415	0.0688843235831167	0.1264743388840544
205.8003949866386	-0.31220459821214086	0.0005352612909328668	0.046076249807097805
209.91640288637137	-0.3246209439883688	0.24478491358302856	0.2972251536143121
214.11473094409882	-0.3281517390956869	-0.1737152743712732	-0.12947888063588697
218.3970255629808	-0.35325548901053067	-0.12104485938744744	-0.07205020181065014
222.76496607424042	-0.2788609836855705	0.20001349038782745	0.24484766489171955
227.22026539572522	-0.34006101538803857	0.18154559875999782	0.23492003014492008
231.76467070363972	-0.3383129228624654	-0.10359224426888795	-0.05641311477371354
236.39996411771253	-0.33215367518563205	-0.17250079376756194	-0.12765548267314822
241.1279634000668	-0.20420158188476578	0.14895853775963494	0.18184123798782237
245.95052266806812	-0.2937442699827431	0.05731882087041611	0.10135066901103312
250.8695331214295	-0.36231701555303053	0.005181873363545086	0.05812772716010259
255.8869237838581	-0.36797872892423067	-0.0810644689711773	-0.029089747439959873
261.0046622595353	-0.31898697583514746	-0.10206246259551235	-0.05766982992362654
266.224755504726	-0.13890592325752837	0.32418767701336926	0.3511987007595374
271.5492506148205	-0.3276219729986518	0.1874250079515555	0.23910790001284962
276.9802356271169	-0.45186493534381567	-0.004866640224106017	0.06092894117553158
282.51984033965925	-0.3575107733764988	0.1199794363525361	0.17461599572728667
288.17023714645245	-0.27864797253098295	0.056414292117390394	0.0982257525306044
293.9336418893815	-0.24517281861166376	0.32385948764101957	0.36636092968107514
299.8123147271691	-0.24351781365792297	0.23460957202808153	0.27501028593711363
305.80856102171253	-0.30503753908879394	-0.06342797412199033	-0.020264749132416056
311.9247322421468	-0.09009159292797189	0.44935946301150587	0.47185947579290816
318.1632268869897	-0.270017536832642	0.2886065870953952	0.3339967817813096
324.5264914247295	-0.3830638836644953	0.1317213537763788	0.19032903168112558
331.01702125322413	-0.22705848481458102	0.19516990199644252	0.2323486373234948
337.6373616782886	-0.24232784540621685	0.09980548661662969	0.1372242450428828
344.3901089118544	-0.3263970704710454	0.150270365809339	0.20100057120739434
351.27791109009144	-0.3719426904157184	0.10123744908257523	0.15758820495742118
358.3034693118933	-0.3080831730330722	0.18188185053733547	0.2305998518241863
365.46953869813115	-0.3327649503706451	-0.0754965545424354	-0.028541177499683677
372.7789294720938	-0.3163068458623708	-0.021337586512806067	0.024345962123106246
380.2345080615357	-0.3695733071815236	-0.07028877721218091	-0.01785701944012917
387.8391982227664	-0.32374511988818006	-0.23360400790441968	-0.1912579280854022
395.59598218722175	-0.321730049676289	0.14170910080507942	0.1915803393163107
403.5079018309662	-0.10806569071980046	0.5181603048348806	0.5447148910822449
411.5780598675855	-0.2563376933289383	0.05457812850087369	0.0930977531217787
419.80962106493723	-0.3092546746915324	-0.19327431893039473	-0.15220122718226284
428.20581348623597	-0.3032089831903273	0.0285631417670459	0.07337618393578207
436.76992975596073	-0.31641591838077754	-0.030054856052175755	0.015462989210600686
445.5053283510799	-0.39124435834519894	-0.010578590671499608	0.04625749094818567
454.41543491810154	-0.33057605026424625	0.1616187366960531	0.21319480104075678
463.50374361646357	-0.2943388392819271	0.15843427090025633	0.20465939893929272
472.77381848879287	-0.2872120850601737	-0.2582399640706385	-0.22173486758416822
482.2292948585687	-0.17791940907127957	0.3441659511580891	0.377282655630111
491.8738807557401	-0.41921954880940066	0.023994726126318	0.0856308004553206
501.7113583708549	-0.3432895444238716	0.15578088159228842	0.2090893751872757
511.745585538272	-0.33358217150566916	-0.0715836905673633	-0.024427617442939947
521.9804972490375	-0.3127193724351785	0.16679310358145294	0.21587286838619674
532.4201071940182	-0.32726094892989444	-0.19829990482825277	-0.15470559779323173
543.0685093378986	-0.4801840269158471	-0.09899382737769497	-0.031029361522835842
553.9298795246566	-0.26867234023930897	0.30337656754733905	0.3488782956561412
565.0084771151497	-0.27209518746112415	-0.04785271663052821	-0.009169100055583627
576.3086466574528	-0.34277863449019336	-0.15679408975308035	-0.11007208242644966
587.8348195906018	-0.2912362138933151	-0.0017058728577573762	0.040730535983814486
599.5915159824139	-0.28194056578928994	-0.06166723555162035	-0.02183563711467426
611.5833463020622	-0.41285828642705863	0.026733751419197007	0.08749920467770964
623.8150132281033	-0.3641235571531836	-0.024820774749730823	0.027763477861155683
636.2913134926655	-0.5228520343453239	-0.022385170818368764	0.05339772646494157
649.0171397625188	-0.37376286458318153	-0.06303812830259453	-0.009844338223851336
661.9974825577692	-0.23500850181748678	0.11291049596642799	0.14953487114744546
675.2374322089246	-0.419770060002654	-0.039529012442356064	0.02086393354881521
688.742180853103	-0.30786540276273366	-0.15565403467227995	-0.11399978915838702
702.5170244701651	-0.3070646880270758	0.3515837398442038	0.4036886680949066
716.5673649595684	-0.10101086721374816	0.16050895309563676	0.17858364108713423
730.8987122587598	-0.2968868961513116	-0.18028632675400255	-0.14074628620597793
745.516686503935	-0.4289057037349925	0.13547374244780583	0.2008448605434882
760.4270202340138	-0.29940026281329085	-0.10030895383177171	-0.058736185376328603
775.6355606386941	-0.29217009615942524	0.15782810326574248	0.20372432777369492
791.1482718514679	-0.3385203020246376	-0.2565961430183317	-0.21257435195262067
806.9712372884973	-0.28269883407035723	0.09459856678780985	0.137796283564483
823.1106620342673	-0.3918041979495654	-0.18356842742771384	-0.13025465746481285
839.5728752749526	-0.3409328999263821	-0.03657771974312399	0.012379625668158367
856.3643327804517	-0.32625502939871676	-0.10189528433560932	-0.05643924430528829
873.4916194360608	-0.31056257989697406	-0.014872845094916806	0.030107680200581154
890.961451824782	-0.37769618780877573	0.008821672273424279	0.06408615116790044
908.7806808612777	-0.2631586829607298	0.13275765091165043	0.17390074323741622
926.9562944785032	-0.4199106485022857	0.15117206148729398	0.21555844900819596
945.4954203680733	-0.29053417937352743	0.4022453526615768	0.4529950320006657
964.4053287754348	-0.2854033398356869	0.06456643052674577	0.10753288488875731
983.6934353509434	-0.28106484375167984	-0.17888942697663782	-0.14162766699153106
1003.3673040579624	-0.3760454004472213	0.2441514555336399	0.30407789842247723
1023.4346501391217	-0.35063594293102074	0.02469374025908691	0.07634260152525839
1043.903343141904	-0.35055160382421663	-0.0764698706601818	-0.02694088407457061
1064.7814100047422	-0.2570245217961689	0.10238866060708214	0.14200450046500432
1086.077038204837	-0.27715563225203654	-0.1795564244633732	-0.1428786536029382
1107.7985789689337	-0.21075513441100446	0.035593869198558725	0.06707053190846682
1129.9545505483125	-0.48130172826389206	-0.09165456614272541	-0.023374200898881252
1152.5536415592787	-0.3984998606286771	0.06754211529326877	0.12706380570356063
1175.6047143904643	-0.28610125525841357	-0.24111813979829416	-0.2044183346522399
1199.1168086782736	-0.32440536927397273	-0.1539780013042037	-0.1098767599789202
1223.0991448518391	-0.3374260323046633	-0.029812276742450697	0.01877459720317831
1247.561127748876	-0.23485979520074013	0.024356669379879153	0.05911448679206796
1272.5123503038535	-0.3216936039222271	0.08382923667152382	0.13248932967417204
1297.9625973099305	-0.3545037409821166	0.181696029796322	0.23717982597697068
1323.9218492561292	-0.3412310276086046	0.026508902394713943	0.07682402938752532
1350.400286241252	-0.2770207037037104	-0.29206951460392777	-0.25775544353471835
1377.4082919660768	-0.4241822002595845	-0.06731197799876698	-0.006854406669218646
1404.9564578053985	-0.39227625093433083	-0.10714403311968163	-0.05216924721508502
1433.0555869615064	-0.3317801380734804	-0.08610946394563043	-0.03951880764211518
1461.7166987007367	-0.40174160767576095	-0.026388214105344775	0.031649349220175704
1490.9510326747513	-0.11870076953166098	0.44880784033970955	0.47546853257015403
1520.7700533282464	-0.32129619748382937	-0.04133936783945946	0.004655090796943623
1551.1854543948114	-0.2471201985732757	0.25835586131718735	0.2997766373865648
1582.2091634827077	-0.16606163641880917	0.46709105273791907	0.5010394383143687
1613.8533467523619	-0.2910044510253743	0.051600394731710075	0.09511355206315446
1646.1304136874091	-0.3838202944392947	0.027920487038695138	0.08447595679106515
1679.0530219611574	-0.2561469780170977	0.17612848507642975	0.2171525961430154
1712.6340824003805	-0.28547961615890827	-0.13354628473371707	-0.09469605497582873
1746.8867640483882	-0.31451385577741103	0.16066116708781492	0.20987487870301685
1781.8244993293558	-0.32152778796943826	-0.07309975503228407	-0.027733197516580196
1817.4609893159432	-0.265935728801571	0.2565190991728733	0.3006455408558706
1853.810209102262	-0.3062527386239685	0.04190298245646763	0.08743781897363948
1890.8864132843073	-0.40528391389958596	0.061410449772940384	0.12179373825356624
1928.7041415499934	-0.2769270241072217	-0.2019357227159661	-0.16575752592357884
1967.2782243809934	-0.2440225779423093	0.36044564436885174	0.40354155457645624
2006.6237888686132	-0.34973503000492995	0.04529383053056117	0.09724047720900016
2046.7562646459855	-0.4260604798529146	-0.13757639519361664	-0.07830875011493364
2087.691389938905	-0.3356350690218124	-0.030111495731187862	0.018207962340093357
2129.4452177376834	-0.2472535152514321	0.2707115335287219	0.3124091614514041
2172.034122092437	-0.3303966464534557	-0.2491244657784017	-0.20613171454098944
2215.474804534286	-0.36274489318849706	-0.036078020369205654	0.01607065112975839
2259.784300624972	-0.4110458746580836	0.1035216393040157	0.1656225301771532
2304.979986637471	-0.3681999007778495	0.048427356842080715	0.10313207897306043
2351.0795863702206	-0.2304617769770173	0.18713559852460132	0.22464326596967887
2398.101178097625	-0.2978793421587119	-0.10896177716033581	-0.06779107678636401
2446.0632016595778	-0.3968800706660161	-0.2294072556083629	-0.17630822979474298
2494.9844656927694	-0.2543588623657276	0.276215562685342	0.31906405433628854
2544.8841550066245	-0.19752012510438482	0.2697001716133669	0.30412394343303484
2595.7818381067573	-0.38028780485779756	-0.06089852060256373	-0.006708601573355039
2647.697474868892	-0.3583044349082038	-0.11667330445224536	-0.06685126820422067
2700.6514243662705	-0.3717632785727953	0.15860956622756348	0.21612941031583704
2754.664452853596	-0.1822151328520063	0.3230043930309753	0.35630669142670485
2809.757741910668	-0.43277383975088385	-0.06367744717984303	-0.0018912090324192145
2865.952896748881	-0.30941097662844275	0.03756904101316946	0.08347416345925839
2923.271954683859	-0.27870537062635453	0.21772402182023384	0.2629044721578321
2981.737393777536	-0.3510361759144703	0.040148337920741975	0.09217753728161769
3041.3721416530866	-0.3052589366704644	0.02652334508315798	0.07159284303683315
3102.1995844861485	-0.17936412266089213	0.25625821427827095	0.28775419496378174
3164.2435761758716	-0.34385928075717814	0.12498216666999874	0.1777321069193789
3227.528447699389	-0.23447052705618637	-0.20388820062015803	-0.17394225293738416
3292.079016653377	-0.26286566798574357	-0.3102834426500804	-0.2784131044573695
3357.9205969864443	-0.2733655449458394	0.016927928167171147	0.0571464019752555
3425.0790089261736	-0.5017844321588106	-0.06094905739095023	0.010958066936564875
3493.580589104697	-0.24273725887946693	0.12850222928912572	0.16657854265257144
3563.452200886791	-0.4488768712369038	-0.12123846107557114	-0.05830305195926368
3634.721244904527	-0.3029616747967624	-0.18938715297793934	-0.14915080775711845
3707.4156698026172	-0.22979820416229163	0.08932679191251292	0.12470000485102445
3781.56398319867	-0.40969045993930153	-0.02548776142432091	0.033727768953820556
3857.195262862643	-0.3894717115387428	0.11468682536055703	0.1738740921549686
3934.3391681198964	-0.3051866741136545	0.0716146957348829	0.11761305853760089
4013.025951482294	-0.31875675586411606	-0.05776378081519258	-0.012481832685325444
4093.28647051194	-0.30831419089261086	-0.18701889134691774	-0.14595263207813947
4175.152199922179	-0.22599388306576856	0.42200327471877197	0.463752450889171
4258.6552439206225	-0.23161654636465767	0.20998379297936434	0.24813586834461365
4343.828348799036	-0.30262976349567966	0.17798145228356366	0.2258229063825912
4430.704915775016	-0.2906864456740919	0.10307711727611311	0.1476163305468372
4519.319014090516	-0.39593138407687617	-0.15219106861473783	-0.0976217223663338
4609.705394372327	-0.13013661036362673	0.37415971651457836	0.400932966286661
4701.899502259774	-0.26193718815684863	0.3040055438550592	0.34853816595824666
4795.937492304969	-0.36673634287219903	-0.10164451336889556	-0.0502797240618852
4891.856242151069	-0.2901066298078342	-0.018887664441282426	0.023026059396499987
4989.69336699409	-0.16863228804524366	0.142807039715738	0.17037439504974727
5089.487234333972	-0.39031094178736725	-0.11443873101238278	-0.05990252556448299
5191.276979020651	-0.2683592548480001	0.27889188218976135	0.3238378544007148
5295.102518601065	-0.328220641797223	0.012743347395842833	0.06087434406201795
5401.004568973086	-0.2896759770206194	0.0391984310960372	0.08225947839271164
5509.0246603525475	-0.37604201414663935	-0.02089350344079878	0.03351067563390281
5619.205153559598	-0.37473494559762055	-0.07810396757262619	-0.025082287330736225
5731.589256630791	-0.17695712805252992	0.21638212386651035	0.24669633262139
5846.221041763407	-0.3911816612512788	0.07001238168328217	0.1285182985674954
5963.145462598675	-0.36808908518809447	-0.17156646403134293	-0.12146110710873217
6082.408371850649	-0.2566244134976106	0.20153922754997783	0.24316235509233725
6204.0565392876615	-0.38182111820429265	-0.20953504581907334	-0.1582181128688448
6328.137670073415	-0.30879650730100117	0.0638636374841091	0.11022695391309072
6454.700423474884	-0.20407821063084056	0.025262603577899223	0.05555031353610304
6583.794431944381	-0.3807393587159058	0.08817674403258904	0.14553824934600423
6715.470320583269	-0.26585396736139394	0.09240996065089668	0.13310553840466036
6849.779726994934	-0.3270127971197671	-0.09829192278791371	-0.05265030493269582
6986.775321534833	-0.29358651506433253	0.3026161420458061	0.35173534511864224
7126.51082796553	-0.15258855812137426	0.43360795687887904	0.4648939540398894
7269.041044524841	-0.4047209421754745	0.17652125345218428	0.23922058363302812
7414.421865415337	-0.22469914773403402	0.0418615383351749	0.07550227942837097
7562.710302723644	-0.33176424303194507	-0.059610839385777825	-0.012470446430822818
7713.964508778117	-0.21010674446175115	0.06734431336547975	0.09938788679459923
7868.24379895368	-0.3667353621481235	0.0909120268199876	0.14628826769200537
8025.608674932754	-0.28439148815285475	-0.0501512879677026	-0.009722347778071683
8186.120848431409	-0.2996337356714504	-0.013281749630854461	0.03013813370392264
8349.843265400037	-0.26692716576270087	0.254315107909647	0.2985402176648252
8516.840130708038	-0.49380556656404895	0.0644316309054816	0.13778726833993632
8687.1769333222	-0.31462181603711703	-0.19627064953129444	-0.15447727322445012
8860.920471988644	-0.35002273011045343	0.12716750856071132	0.1808618131301673
9038.138881428416	-0.429700606122613	-0.12708337977002962	-0.06706627845569085
9218.901659056984	-0.12567765386734492	0.4940447353847286	0.5226653252275648
9403.279692238124	-0.2799978118666901	0.09075878141653486	0.13348260359327166
9591.345286082887	-0.2561801690444276	0.04581082880247265	0.0841248290548365
9783.172191804546	-0.24673245626928797	0.008603243788653625	0.04476429457352177
9978.835635640637	-0.15308073014858642	0.08331963884934693	0.10737973780537713
10178.41234835345	-0.3451976066997259	-0.06454760906288637	-0.01555103327465308
10381.980595320518	-0.14141107511581827	0.10393045580329205	0.12671812208691752
10589.62020722693	-0.38316909585848635	-0.15484399406596946	-0.10219108412964792
10801.412611371468	-0.28907926344561735	0.34579412405762744	0.3951555608946472
11017.440863598897	-0.16136806405143908	0.543377271140415	0.5782304736300085
11237.789680870876	-0.14846331505659616	0.3018381235089637	0.32977731786115416
11462.545474488294	-0.547271536461388	0.16517426379876027	0.24842582669518684
11691.796383978059	-0.11426456689351387	0.29650594337360886	0.3193467331991965
11925.63231165762	-0.30825370349208114	0.08551050722608114	0.13224564121921967
12164.144957890774	-0.3038866276339258	0.02542424940180301	0.07027072112762142
12407.42785704859	-0.5011577216163751	0.10702818939415015	0.1823434444089163
12655.576414189562	-0.17176546381669194	0.160635975912163	0.18903168888360056
12908.687942473352	-0.3403472969500473	0.06136241128330681	0.11227477565692429
13166.86170132282	-0.40606121916654064	-0.06932882000401532	-0.011555909292311792
13430.198935349275	-0.23330498525230176	0.17523626989312288	0.21291066919852364
13698.802914056261	-0.19908043610935333	0.033764166347470995	0.06350015007899067
13972.778972337388	-0.33992262977914456	0.23643897893952864	0.290936841176894
14252.234551784135	-0.21251238074860934	0.2595901955055313	0.2959897134377354
14537.279242819819	-0.2825675838839993	-0.10273856162906644	-0.06367117567992223
14828.024827676216	-0.19774099989775903	-0.1317609753843715	-0.10566876655312266
15124.58532422974	-0.391561114754605	0.20783948470234243	0.2692721365353545
15427.077030714334	-0.30170837618748725	0.18100035207773726	0.22877033094003202
15735.618571328621	-0.3192733524200791	0.009691241742518938	0.05645383984008296
16050.330942755194	-0.1861409427497853	0.23291918382622565	0.2649172209736157
16371.337561610299	-0.34847085242102843	0.2001886140053235	0.25517787610850107
16698.764312842504	-0.21715789436780528	-0.17701079586532617	-0.1490296611838822
17032.739599099354	-0.32691479294146103	0.15541309666961692	0.20632594348753033
17373.394391081343	-0.34730147720564364	0.038067720558453824	0.08950893016257802
17720.86227890297	-0.23993469575921186	0.06583179296082117	0.10219376511238995
18075.27952448103	-0.36640510579762264	-0.13843931177477292	-0.08788938617459406
18436.78511497065	-0.3037627305983444	-0.20506488906831902	-0.1650383427116504
18805.520817270062	-0.27936164078523734	0.34491974486283206	0.3928458121619882
19181.631233615466	-0.2897354041802128	-0.13884135292195912	-0.09948080133155218
19565.263858287773	-0.36350467905718536	-0.24628514764320525	-0.1984049891899325
19956.56913545353	-0.3049993030051846	-0.055322081268745216	-0.01199555960692128
20355.7005181626	-0.4898830468348511	0.040504518626739636	0.11278964042821253
20762.814528525854	-0.3751972739080568	-0.21139465962134862	-0.16108244591853507
21178.07081909637	-0.2566161685704139	0.05935560626584082	0.0980153726462312
21601.6322354783	-0.15146142760814618	0.18785044068860646	0.21385211639580706
22033.664880187865	-0.30828079392925994	-0.2641359723036298	-0.224681189278605
22474.338177791622	-0.22797466596601115	0.3270348840708188	0.36709441627567085
22923.824941347455	-0.39654789335331403	0.12320338159469016	0.1836000198252712
23382.301440174408	-0.4279074959126523	-0.09115517283638275	-0.03065106244987891
23849.947468977894	-0.35485247341640563	-0.012292982219654067	0.03920023302399567
24326.946418357453	-0.3890341992506702	-0.31251858525291953	-0.26229523505496594
24813.485346724603	-0.19464545624419546	0.06763173418975243	0.09742652435431748
25309.755053659093	-0.32039002577661396	0.06749676263283572	0.11562649061344267
25815.950154732276	-0.30376821900023715	0.20192674344797726	0.25043308254067803
26332.269157826922	-0.24556779384822802	-0.15263291501934625	-0.12000079747938272
26858.914540983464	-0.2866506271728612	-0.13140501874352564	-0.09233940683797348
27396.092831803133	-0.330915628412821	-0.1540743941218934	-0.1090257481892298
27944.014688439194	-0.27907203206596376	-0.02234973900766596	0.017882646105960687
28502.894982207978	-0.2645698929721411	0.019689846045568365	0.05868316056328826
29072.95288185214	-0.1583540012302249	0.48490200979461634	0.5180974268447452
29654.411939489182	-0.3856993067567812	-0.016944724742413594	0.03895007572748338
30247.500178278966	-0.3007234788474056	-0.09651349950959431	-0.05466869008413089
30852.450181844546	-0.2016606836415948	0.2316191598543663	0.2658534087157315
31469.49918548144	-0.38501217075524713	-0.06274168729343255	-0.007901197543572117
32098.88916919107	-0.35811079015615094	-0.006287835138947798	0.04580565852676279
32740.86695257489	-0.2971507509943705	0.2017403783758338	0.24927778744534262
33395.684291626385	-0.390456836392218	-0.034259473895817724	0.021968409038551174
34063.597977458914	-0.31641644710850525	0.18001854987306543	0.229913001532078
34744.869937008094	-0.12915637628840448	0.45903430730356554	0.4874328269144489
35439.767335748256	-0.4195069341851601	-0.030298883012746507	0.030247984826490482
36148.56268246322	-0.24405871423037967	0.016896348436720332	0.05284025152108242
36871.533936112486	-0.2892669235704992	-0.03435920397525562	0.007109738962624318
37608.96461483474	-0.2830488416294471	-0.2366077894840586	-0.20025916236068222
38361.14390713144	-0.3199342018985936	0.30106926460103217	0.3539986120570986
39128.36678527406	-0.3501449853482058	0.08820833281240445	0.14110881677594292
39910.934120979546	-0.2574297027028828	0.1407382451232861	0.1812121235408583
40709.152803399134	-0.29332291161384594	0.31092854514132184	0.36018248110878526
41523.33585946712	-0.3591866443228115	-0.045101947620117475	0.006339814101540053
42353.80257665646	-0.3719384499995944	-0.12296557665987061	-0.07128633554867708
43200.878628189595	-0.1373019687272565	-0.04849170914245193	-0.02947874931019484
44064.896200753385	-0.4974693555262346	0.05103244624706621	0.12464323655812265
44946.19412476845	-0.2591804668055639	-0.027077275901738723	0.010155765592786435
45845.11800726382	-0.3156089088990756	0.12925592864410496	0.1779750597053057
46762.0203674091	-0.3099724685805286	-0.15055866871077697	-0.10849098930759105
47697.260774757284	-0.23944604920902854	0.21894124282830393	0.25842173423021025
48651.205990252434	-0.24684932872835022	-0.23772927515226683	-0.20668310794505468
49624.230110057484	-0.3066555477490064	-0.1231715507304339	-0.0810170239905878
50616.71471225863	-0.38233423253997806	0.015769125202202555	0.07185472422266188
51629.0490065038	-0.2462016955227476	0.07544511067675448	0.11292129774625424
52661.62998663388	-0.30167626846489726	-0.12643742093551236	-0.08507707805387135
53714.86258636656	-0.3107719749208153	-0.2575061123310768	-0.21754990999535526
54789.159838093896	-0.22805580503936648	0.14965196119954138	0.1860278486261061
55884.94303485577	-0.2365711050546182	-0.06794974919957028	-0.034865416154096246
57002.641895552886	-0.22032913407431717	0.09424557325263327	0.12834035474790104
58142.69473346395	-0.4216897018722173	-0.12615636523604423	-0.06728820798876352
59305.54862813323	-0.38403338729654624	0.026571730292550715	0.08313017698772521
60491.65960069589	-0.36924395062561594	-0.0810690232862484	-0.028909885138476265
61701.49279270981	-0.4401843715398647	-0.0020828455004239586	0.06206731606788081
62935.52264856401	-0.33716054125102884	-0.24661775658607388	-0.20258638091584208
64194.23310153529	-0.38618642801991987	0.198734292004427	0.25919344384075754
65478.117763566	-0.2598187532743153	-0.053433371926991734	-0.016656332322966406
66787.68011883732	-0.1323575805937979	0.10994560942421738	0.13153829012381746
68123.43372121407	-0.23405274112610436	-0.15367606862898506	-0.12274496197786541
69485.90239563835	-0.09481061698435406	0.1343095821110041	0.15093424671520164
70875.62044355112	-0.2988722976786637	0.0034796781344816063	0.04713771484042176
72293.13285242215	-0.2342053026521734	0.17849853156864703	0.21637219094643584
73738.99550947058	-0.2142366893898583	0.356887495172285	0.39556550185772865
75213.77541966	-0.3370071736320936	-0.04875830820331778	-0.0006272268028731792
76718.0509280532	-0.3317073933635699	-0.04351285126284486	0.003954625868033154
78252.41194661426	-0.5468523136700424	-0.0645825696923114	0.013821255849313267
79817.46018554654	-0.12315595586244986	0.3618052921601673	0.3873031459767781
81413.80938925748	-0.43774492833911177	0.01285845821835415	0.07696414481402368
83042.08557704263	-0.13415527156324045	0.4049099629048883	0.4329098975683794
84702.9272885835	-0.32100655666473377	0.31470093210579747	0.3680706577049419
86396.98583435516	-0.27848809752438725	0.15530397765053147	0.19915232474055736
88124.92555104227	-0.5300232597226587	-0.08760682811233539	-0.012136911655121298
89887.42406206312	-0.23111881019303074	0.19593878466511624	0.23372566916545645
91685.17254330438	-0.3213578888116638	0.22023853044103742	0.2716915252769267
93518.87599417046	-0.3061221929838124	0.3043459570793978	0.3553293176620246
95389.25351405388	-0.26354052752178514	-0.035243715238855826	0.0024550342905949873
97297.03858433495	-0.40877128986605316	-0.23522403893767396	-0.18051205997674272
99242.97935602165	-0.34790429717861004	0.23750973782890522	0.2931939007055547
101227.8389431421	-0.23066495863661032	-0.007112553637893121	0.026377907962489594
