1.0	-0.5833796695144389	0.16213011630930507	0.25058402886993786
1.02	-0.5962537300681289	0.137928453077775	0.22775563148516412
1.0404	-0.6084968972710114	0.11333410157671843	0.2044343595449226
1.061208	-0.6200236943125993	0.08835960769963447	0.1806205549472976
1.08243216	-0.630745245768945	0.0630187980381767	0.15631537133860984
1.1040808032	-0.6405697248296106	0.037326815481778464	0.1315208756753004
1.126162419264	-0.6494029094856969	0.011300157405758003	0.10624016831837546
1.14868566764928	-0.6571488576388227	-0.015043282180993175	0.0804775245125645
1.1716593810022657	-0.6637107105358279	-0.04168416489591985	0.054238560288556704
1.195092568622311	-0.6689916330078172	-0.06860165274516894	0.027530425969613376
1.2189944199947573	-0.6728958976348234	-0.09577334320780242	0.00036203054711343756
1.2433743083946525	-0.6753301181092995	-0.12317519219246775	-0.0272556998055381
1.2682417945625455	-0.6762046346770922	-0.15078142216753235	-0.05530952590561321
1.2936066304537965	-0.6754350515448877	-0.17856441255067573	-0.08378355946185204
1.3194787630628724	-0.6729439225214457	-0.2064945692820891	-0.11265888410775504
1.3458683383241299	-0.6686625768860858	-0.23454017041856154	-0.14191313150639398
1.3727857050906125	-0.6625330725537487	-0.2626671845989705	-0.17152001119736077
1.4002414191924248	-0.6545102580619252	-0.2908390593731805	-0.20144879380942424
1.4282462475762734	-0.6445639188050551	-0.31901647668696415	-0.23166374845887194
1.4568111725277988	-0.6326809763909569	-0.34715707330814466	-0.2621235366117165
1.485947395978355	-0.6188677031400079	-0.37521512469749124	-0.29278056642077116
1.5156663438979219	-0.6031519067871306	-0.4031411918053287	-0.3235803135614831
1.5459796707758804	-0.5855850336232457	-0.430881731542292	-0.3544606168793664
1.5768992641913981	-0.5662441319159304	-0.45837867325633413	-0.3853509597114345
1.6084372494752261	-0.545233611806249	-0.4855689654665116	-0.4161717505253192
1.6406059944647307	-0.5226867333440995	-0.5123840993645266	-0.44683361948860617
1.6734181143540252	-0.49876675126093517	-0.5387496181897758	-0.4772367506765097
1.7068864766411058	-0.4736676438347778	-0.5645846244854543	-0.5072702727696627
1.741024206173928	-0.44761435408304	-0.5898013004007245	-0.5368117341886297
1.7758446902974065	-0.42086247475163224	-0.6143044595368541	-0.5657266915425923
1.8113615841033548	-0.3936973142685899	-0.6379911522299532	-0.5938684429039074
1.847588815785422	-0.3664322889617729	-0.6607503494688168	-0.6210779396091587
1.8845405921011302	-0.3394065971863594	-0.6824627336727456	-0.6471839118679167
1.922231403943153	-0.31298214314824685	-0.7030006270695774	-0.6720032442577413
1.960676032022016	-0.28753969151281106	-0.7222280901476996	-0.6953416370134918
1.9998895526624565	-0.26347424752860793	-0.7400012233018664	-0.7169945876893997
2.0398873437157055	-0.24118967039683903	-0.7561687040200662	-0.736748725087612
2.08068509059002	-0.22109253893564856	-0.7705725894242355	-0.754383523109125
2.12229879240182	-0.2035852972329364	-0.7830494093466513	-0.7696734161949038
2.1647447682498564	-0.18905871317982106	-0.7934315680966961	-0.78239033009332
2.2080396636148536	-0.17788368417997205	-0.8015490634196712	-0.7923066316313351
2.252200456887151	-0.1704024222503107	-0.8072315187529967	-0.7991984888155138
2.297244466024894	-0.16691904639679997	-0.8103105097906751	-0.8028496178117808
2.343189355345392	-0.1676896059642803	-0.8106221488391879	-0.8030553760702136
2.3900531424522997	-0.17291155839724778	-0.8080098710330859	-0.7996271410800101
2.437854205301346	-0.18271273377819347	-0.8023273460656921	-0.7923968920994073
2.4866112894073726	-0.19713984335440823	-0.7934414189684283	-0.781221888041086
2.53634351519552	-0.216146637921518	-0.7812349653712783	-0.7659893091196255
2.587070385499431	-0.23958190286417075	-0.7656095327820677	-0.7466207038806694
2.6388117932094195	-0.26717759783603723	-0.7464876323451828	-0.7230760583346186
2.691588029073608	-0.298537616398844	-0.7238145482263331	-0.6953572822562168
2.74541978965508	-0.33312785610537193	-0.6975595473211289	-0.6635108922082856
2.8003281854481816	-0.37026854722504754	-0.6677164033762186	-0.6276296653095702
2.856334749157145	-0.4091300732609509	-0.6343031992812894	-0.587853046915761
2.9134614441402884	-0.44873380021194653	-0.5973614406010626	-0.5443661247493425
2.971730673023094	-0.4879596704507897	-0.5569546019946151	-0.49739703759542936
3.031165286483556	-0.5255624514896152	-0.5131663331628565	-0.4472127742615138
3.091788592213227	-0.5601984867909579	-0.4660986662981033	-0.3941134425222991
3.153624364057492	-0.5904644956976618	-0.4158706827559208	-0.3384252496907602
3.2166968513386416	-0.6149493389212983	-0.36261819871002254	-0.28049263259045876
3.2810307883654146	-0.6322986551181947	-0.3064950997265087	-0.22067019376607422
3.346651404132723	-0.6412908793032875	-0.24767697116740894	-0.15931532150166725
3.4135844322153774	-0.640921440946606	-0.1863676123652398	-0.09678256081813559
3.481856120859685	-0.6304900619919115	-0.1228088662563483	-0.03342091692953516
3.551493243276879	-0.6096842796809624	-0.057293926471988145	0.030424740846652372
3.6225231081424165	-0.5786509316044891	0.009816105633691424	0.09440720202671468
3.694973570305265	-0.5380467235548043	0.07807314270467498	0.15816481369609803
3.76887304171137	-0.48905948508586	0.1469218262320857	0.22130387252027542
3.8442505025455977	-0.4333935123443205	0.21567997015742627	0.28337652341925273
3.9211355125965097	-0.3732154989176382	0.28352225435591377	0.34385622824715084
3.99955822284844	-0.31106167904106113	0.34947014815223765	0.4021139377655639
4.079549387305409	-0.24971137575117083	0.41239127333464576	0.45739900049283005
4.1611403750515175	-0.1920363527427161	0.4710113110540366	0.5088293481426418
4.244363182552547	-0.14083832718410327	0.523941026253625	0.5553953870149239
4.329250446203599	-0.09868796463655824	0.5697199667200281	0.5959811275361934
4.41583545512767	-0.06777727754740308	0.6068768816336106	0.6294043363099738
4.504152164230224	-0.04979378932597868	0.6340049559731182	0.6544749868325968
4.594235207514829	-0.045819961849546856	0.6498477170775321	0.6700682889530395
4.686119911665125	-0.056256627505659476	0.6533891785892745	0.6752055446544598
4.779842309898428	-0.0807661967814533	0.6439397806502277	0.6691335964444027
4.875439156096396	-0.11823171480111193	0.6212083767313342	0.6513923429883992
4.972947939218325	-0.16673215788268567	0.585350354237953	0.6218602596424686
5.072406898002691	-0.22354219524549684	0.5369833644131746	0.5807704213117507
5.173855035962745	-0.28517399179910047	0.4771653332528175	0.5286941514996202
5.277332136682	-0.3474861714996687	0.40733440128186404	0.46649560131893786
5.38287877941564	-0.4058868777153774	0.3292167511189322	0.39526726976740245
5.490536355003953	-0.45565064687715146	0.24471497790365535	0.3162622592795661
5.600347082104032	-0.4923511889369542	0.15579530138297196	0.2308422518817564
5.712354023746113	-0.5123856593129448	0.06439476773418665	0.14045923404511998
5.8266011042210355	-0.5135350970470024	-0.02763201661408029	0.04668285135914759
5.943133126305456	-0.4954770315180824	-0.11851415013628255	-0.048726127834401334
6.061995788831565	-0.4601473184107812	-0.2065135015369812	-0.14371104888409597
6.1832357046081965	-0.41184611291785317	-0.28983680707169573	-0.23581418241850258
6.30690041870036	-0.35700286046097085	-0.3665407756914285	-0.32211412470110845
6.433038427074368	-0.3035590903676166	-0.43446922965129137	-0.39925163792374907
6.561699195615856	-0.25999158791546656	-0.4912599249957424	-0.4635790668621484
6.692933179528173	-0.23407115746016857	-0.5344443387937883	-0.5114432187223844
6.826791843118737	-0.2315184005023105	-0.5616378979566784	-0.539575587424189
6.963327679981111	-0.25476499454129004	-0.5707873851493057	-0.545525560635978
7.102594233580733	-0.3020521260101352	-0.5604173966246198	-0.5280434906778211
7.244646118252348	-0.36709678622763714	-0.5298109885146814	-0.4873137694505406
7.389539040617396	-0.43952406778982367	-0.47907989471318935	-0.4249634659670314
7.5373298214297435	-0.5061783928020795	-0.40912659755264946	-0.3438323860513598
7.688076417858339	-0.5532687656165051	-0.32155995912625	-0.24757409662230662
7.841837946215505	-0.5690822321611385	-0.21867030877249208	-0.14023478134841966
7.998674705139815	-0.546768070208957	-0.10356585534315331	-0.02598646709066282
8.158648199242611	-0.4865292500562195	0.019500978695062097	0.09085943138440794
8.321821163227465	-0.3965316229166053	0.14472062045579143	0.20556316172395867
8.488257586492013	-0.2920208813911808	0.2644689220985253	0.3125650698451251
8.658022738221854	-0.19256290996363448	0.36951321308116636	0.4052934960567206
8.831183192986291	-0.11793119976923835	0.4499121985478418	0.4764836693172691
9.007806856846017	-0.08370757074467135	0.49660414989328133	0.5191574237496559
9.187962993982937	-0.09778961534401816	0.5033526918686251	0.5281001918535574
9.371722253862597	-0.15854675825470946	0.468446187525565	0.5013268853444928
9.55915669893985	-0.25462894293072247	0.3954827180441767	0.4408553288474941
9.750339832918646	-0.36608668549471957	0.29281270468442266	0.3523006109999947
9.945346629577019	-0.46700028334040317	0.1717178295232583	0.24339949229213498
10.14425356216856	-0.5306881686874967	0.04398210090872265	0.12229041927791427
10.347138633411932	-0.5380627686980882	-0.08014745478865301	-0.0033497063282787246
10.55408140608017	-0.48679388804831303	-0.19277732380555185	-0.12580274271112196
10.765163034201773	-0.39573793162289567	-0.2878194041872104	-0.23610386007943823
10.98046629488581	-0.29981293441890555	-0.35979139164114277	-0.32356432603090957
11.200075620783526	-0.23626375731107405	-0.4031024333128015	-0.37704526939895333
11.424077133199196	-0.2294178705851106	-0.4125791295499861	-0.38771775528861563
11.65255867586318	-0.28168051899706725	-0.3850309209031818	-0.3519739894015925
11.885609849380444	-0.37307781848320487	-0.32084277534656697	-0.2731198179708197
12.123322046368054	-0.4665259417877554	-0.22457597726135503	-0.16121961027691886
12.365788487295415	-0.5180201054925763	-0.10444930851478496	-0.03108073705784222
12.613104257041323	-0.495147002248178	0.028328154374390943	0.10112726208505005
12.86536634218215	-0.399688493868043	0.15933763826647313	0.22094507775278094
13.122673669025794	-0.27512938198208925	0.27039164461321497	0.31614783874837826
13.38512714240631	-0.18467197689271328	0.3409711368643436	0.3750060321792048
13.652829685254435	-0.1730119368580683	0.3534081435077803	0.3860017206226607
13.925886278959524	-0.24080317107185942	0.30022358628611256	0.34159537344838603
14.204404004538715	-0.34758046811582893	0.18906636056534987	0.24369406134401972
14.48849208462949	-0.43723321933005704	0.04146706544008493	0.10609414045572008
14.77826192632208	-0.4670401544391949	-0.11419277551725895	-0.04846176915148598
15.073827164848522	-0.4260828063215436	-0.25112744403343273	-0.19422218986223755
15.375303708145493	-0.34497552678055726	-0.34920020137484614	-0.3061662745813241
15.682809782308402	-0.28909330564673413	-0.395285811179241	-0.36136149183865984
15.996465977954571	-0.31358518184059125	-0.38180101228121643	-0.34402402768532214
16.31639529751366	-0.40518047024126175	-0.30649438348064806	-0.25379086455964417
16.642723203463937	-0.4827164359996225	-0.17453959528802587	-0.10777968993991473
16.975577667533216	-0.46756969858367387	-0.00401111061974287	0.06409257228579827
17.31508922088388	-0.3480846203266576	0.16741503501505547	0.22166518870884006
17.661391005301557	-0.19728643995421294	0.2858876531770284	0.3206145851115393
18.014618825407588	-0.13954795372244566	0.3052956062767864	0.33200667465874284
18.37491120191574	-0.24961525867579085	0.21944202363399867	0.26041595768325987
18.742409425954058	-0.455798632703139	0.06997930647005432	0.1379078426240549
19.11725761447314	-0.5719479075500231	-0.0821927567718592	-0.0004960360202279357
19.4996027667626	-0.48293635269801355	-0.19082462236402667	-0.12437191722815022
19.889594822097852	-0.2949883314808899	-0.23397483567182645	-0.19583017974069325
20.28738671853981	-0.2233762691246643	-0.2110739661039953	-0.182895634483815
20.693134452910606	-0.34684818869757883	-0.1389342908142158	-0.09124672768778172
21.10699714196882	-0.5178126834737431	-0.03622256009934465	0.038537152905173205
21.529137084808198	-0.5109465255784658	0.0853097617246584	0.1616000834074484
21.95971982650436	-0.31095570096226843	0.19272834721090887	0.24209122750146697
22.39891422303445	-0.1618310970894821	0.21675126367789896	0.24486728333007135
22.846892507495138	-0.25886909710708045	0.11194280072279571	0.15202668573263656
23.30383035764504	-0.47600756748557643	-0.08411850110049629	-0.016453199615110055
23.769906964797944	-0.5143090774832487	-0.28596592149411565	-0.21692013772560273
24.2453051040939	-0.3527001800696011	-0.4128039124191536	-0.36996855100106907
24.73021120617578	-0.27123957435945806	-0.3994333800898695	-0.36819913758098743
25.224815430299294	-0.42566393915856104	-0.23470458427340463	-0.17751827198514358
25.72931173890528	-0.5125421641737838	0.032043983995228814	0.10745729927047291
26.24389797368339	-0.31336730858369294	0.32025320375672217	0.3726245446701091
26.768775933157055	-0.11277911623700325	0.46465621558781167	0.4907835078637874
27.3041514518202	-0.22969464372106652	0.3217357907815722	0.36193575529884386
27.850234480856603	-0.537173631934854	0.0010325095792145696	0.07939184151928107
28.407239170473737	-0.5074847395952711	-0.28291480714492806	-0.21480067443613696
28.97538395388321	-0.25738776458213447	-0.42297416602119703	-0.3942504121450775
29.554891632960874	-0.3203659482916211	-0.36515248969408237	-0.3260397991035143
30.145989465620094	-0.5870327511978718	-0.15206148199896846	-0.06962048665759056
30.748909254932496	-0.4513752969388801	0.1298023903759874	0.1983321709790738
31.363887440031146	-0.17102444273514839	0.3351038176481574	0.3670262117480365
31.99116518883177	-0.2577299028735309	0.25120160594105523	0.2940205835672171
32.6309884926084	-0.48642453747254266	-0.0402766695480718	0.02982114488442239
33.283608262460575	-0.3978446084415609	-0.2963650735317532	-0.24452034049927027
33.94928042770979	-0.3298590535028194	-0.35697931595278154	-0.31631193973263655
34.62826603626398	-0.4274482821615104	-0.18156073520678112	-0.12300704270836875
35.32083135698926	-0.35440403215860394	0.10618245659211828	0.16007851246091714
36.02724798412905	-0.2405874293430108	0.25579874608056297	0.29621355340309713
36.74779294381163	-0.37926745681496427	0.1069415783102188	0.16447936531053065
37.482748802687865	-0.4085781845907716	-0.1361103112116681	-0.07936162410909031
38.23240377874162	-0.32616782572740033	-0.28033514071560156	-0.23860931489526405
38.99705185431645	-0.4564832320865564	-0.15857336202069497	-0.09530650238350333
39.776992891402784	-0.34382172208093503	0.14559236682752896	0.19876620893990554
40.57253274923084	-0.26310879814396765	0.2988345545814155	0.3434303075311903
41.383983404215456	-0.4052821974388147	0.06457959468529345	0.12502865670106422
42.21166307229977	-0.3508345813832745	-0.2823857713110387	-0.2371054317616243
43.055896333745764	-0.40449748301614075	-0.3634261348449661	-0.31200829638104904
43.91701426042068	-0.37511918706862896	-0.07347787920441858	-0.0203037869070022
44.795354545629095	-0.20443438946934045	0.22991144683645148	0.26451461710982305
45.691261636541675	-0.43356305676950946	0.16465584348617612	0.2313141193376916
46.60508686927251	-0.2527961777266902	-0.05650273445185419	-0.02081376550112557
47.53718860665796	-0.45343630461544504	-0.19637851217197	-0.13434360341913354
48.48793237879112	-0.46054673254058576	-0.06427067436878348	0.0015534184107022647
49.457691026366945	-0.20298408834753692	0.16024845410938884	0.19318880978735026
50.44684484689429	-0.5143708826580905	-0.023434608423292216	0.05108959095552737
51.455781743832176	-0.20160937208397037	-0.20986218831520206	-0.18483295047618967
52.484897378708816	-0.4288462941289187	-0.0636601424146854	-0.0024463108211906573
53.534595326283	-0.20702528895484923	0.2716233535016731	0.3074733613388735
54.60528723280866	-0.44447223825869075	0.019579439625747402	0.08480621269734287
55.69739297746483	-0.33907683682936257	-0.3665691297169471	-0.32475728121510133
56.81134083701413	-0.466642506846718	-0.14591364217549108	-0.080901477472334
57.94756765375441	-0.2278190081309384	0.39814821291649083	0.43966657270467957
59.1065190068295	-0.38097072131548476	0.16631879629226004	0.22534200140685698
60.28864938696609	-0.3582718624383202	-0.4437377321222659	-0.4007342882692248
61.494422374705415	-0.44450285148454544	-0.22023532334186366	-0.1600002267366562
62.72431082219952	-0.21293876103527298	0.4044196335772843	0.44389861192778834
63.97879703864351	-0.40446080439707466	0.04726865800192852	0.10723728901820877
65.2583729794164	-0.36872446427744904	-0.449972597925646	-0.405574709341969
66.56354043900471	-0.40027598221223093	0.04232656397780715	0.10158194813329509
67.89481124778482	-0.28652103707989196	0.31275014524112904	0.3610500911744702
69.25270747274051	-0.37992554723616045	-0.2857527467621016	-0.23630012001437206
70.63776162219531	-0.40140594610528085	-0.18762236240924215	-0.13299279448574788
72.05051685463923	-0.29947469858689724	0.197261599508955	0.24504460970931408
73.49152719173202	-0.35120136474068636	-0.03719200480891029	0.013250027448920818
74.96135773556665	-0.4373089946325948	-0.1445337847219685	-0.08377067685308942
76.46058489027799	-0.37361374898928523	-0.019680253208420095	0.03439507991067531
77.98979658808355	-0.308446663813255	0.022654930760226774	0.06810871362383124
79.54959251984522	-0.3606563992648935	0.11289435079514143	0.1678420413295039
81.14058437024212	-0.322505827132428	-0.25286362552535635	-0.21109951793365556
82.76339605764697	-0.41063663756703145	-0.15162259104499468	-0.09489688537990668
84.41866397879991	-0.3256798676691845	0.2953436053740255	0.34899157785440704
86.10703725837591	-0.3215505618437198	-0.2707530142960124	-0.22950091182497015
87.82917800354343	-0.3595574738242947	-0.015021694135428643	0.03710081883612637
89.5857615636143	-0.34812275221186195	0.11109569823684237	0.1641780933143398
91.37747679488659	-0.40307132085077413	-0.257340580641255	-0.20392060844720988
93.20502633078432	-0.2651130275588134	0.17284891735191332	0.21511225298240516
95.06912685740001	-0.26957928687956384	-0.14154112657508824	-0.10517625404213277
96.97050939454802	-0.3498371188606457	0.07869418708985959	0.1313515624880759
98.90991958243897	-0.4490938348015327	-0.05849785540415574	0.005776290183481192
100.88811797408776	-0.4591762293396967	-0.11617545407857259	-0.05163257592650365
102.90588033356951	-0.36063934897971667	0.04030128234794232	0.09373413078973314
104.9639979402409	-0.2886503983019149	-0.014784208739011817	0.027002636664621424
107.06327789904573	-0.2657860450499373	-0.0028621094155197313	0.03583872820810621
109.20454345702665	-0.34447134913587546	-0.08125463548870676	-0.03271203531240632
111.38863432616718	-0.34877283759773503	0.04805221325690951	0.09991600651609811
113.61640701269053	-0.38276713576176696	-0.15305183191992786	-0.10042020445300201
115.88873515294434	-0.2624045680704655	0.17074766265807384	0.21257223847372658
118.20650985600322	-0.36342685019373805	-0.16539921145437803	-0.11584527937309096
120.57064005312328	-0.3805327880850083	0.027354149021198246	0.08341839205487024
122.98205285418575	-0.4641611648485755	-0.10751437608554432	-0.04206408904690918
125.44169391126948	-0.4741827544974923	0.02429732862154594	0.09395517466537913
127.95052778949487	-0.4841729335972907	-0.12371975909594503	-0.05568870126083898
130.50953834528477	-0.35765543343705436	-0.044048000512292504	0.007192416853271849
133.11972911219047	-0.27895876857765056	0.12229949231243323	0.1655288854865163
135.7821236944343	-0.2685047728176099	-0.13251769814290115	-0.09612153748497675
138.49776616832295	-0.4119302062484575	0.003412632415783712	0.06355688400234583
141.26772149168943	-0.4085126874640492	0.16439370887859714	0.22739334473540845
144.09307592152322	-0.39185420083614997	-0.5011542903912818	-0.4544496004858282
146.9749374399537	-0.09611635819205706	0.5498484811800294	0.5753206267742883
149.91443618875277	-0.4544364124919576	-0.3478323245353728	-0.2888068544747826
152.9127249125278	-0.5365491458685496	-0.2479109381288092	-0.17482899890066267
155.97097941077837	-0.10976711508566597	0.48946511830187517	0.5156700125498239
159.09039899899395	-0.4571254036863582	-0.30339871180504224	-0.24305539693005318
162.27220697897383	-0.3300205298271565	-0.1271409634153789	-0.08166173955340572
165.51765111855332	-0.30688858419611564	0.035327125445798135	0.08081769242118586
168.82800414092438	-0.3118977882677669	0.29156839487047403	0.3431278305526583
172.20456422374286	-0.46940272671622013	-0.1884489162480686	-0.12392037102378774
175.64865550821773	-0.37687160363767713	-0.2858533568024037	-0.23684819287195927
179.16162861838208	-0.3980356246723218	-0.03620630307919474	0.021086260871368924
182.74486119074973	-0.23017322693910328	0.28496322539937635	0.3244668881904825
186.39975841456473	-0.4125890505224863	0.018563790896738708	0.07911977307495012
190.12775358285603	-0.4262540762641547	-0.23065085889870085	-0.17329403233723464
193.93030865451314	-0.2777011034062988	-0.10208791960847242	-0.06371667368689705
197.80891482760342	-0.38340523501230367	-0.17998886507685552	-0.12782536965999564
201.7650931241555	-0.4154085935723412	0.03488883459683377	0.0961961052135676
205.8003949866386	-0.31313190184833123	0.153384581340007	0.20224516247080548
209.91640288637137	-0.20947958816837836	0.39085097906800387	0.4295428144064758
214.11473094409882	-0.25451785370795504	0.3176130594799832	0.3613471852182263
218.3970255629808	-0.46880072535730066	-0.03576185295498199	0.03185988088972893
222.76496607424042	-0.43824902160845614	-0.2180285280049999	-0.15865947335387098
227.22026539572522	-0.4798859315734645	-0.07119417714334648	-0.002694024146035992
231.76467070363972	-0.3901758845207418	-0.05422840482845416	0.0015424865635611795
236.39996411771253	-0.4490764225922796	0.007396004086953678	0.0730403991334726
241.1279634000668	-0.41967446708366285	0.027675181056677323	0.08945427377839221
245.95052266806812	-0.32250943433424434	0.0868716852603657	0.13571413787703407
250.8695331214295	-0.3202460240041147	-0.0673139519220825	-0.02201378075319245
255.8869237838581	-0.3473941462459958	0.00572164181888446	0.056502489017652174
261.0046622595353	-0.305704893146162	0.1587983326504892	0.20668859483118962
266.224755504726	-0.22516673803189488	0.2867327044308849	0.3255431184028463
271.5492506148205	-0.292358513396392	0.054682361577049865	0.09845719398021233
276.9802356271169	-0.519721608702702	-0.15142604091671727	-0.0787880155000048
282.51984033965925	-0.37696880929299037	-0.1388031181436249	-0.08672023174972261
288.17023714645245	-0.39257383825087183	0.2579527467335726	0.32057711370210745
293.9336418893815	-0.27499284215363207	0.3341362509663469	0.38120054567555045
299.8123147271691	-0.3813079994972521	-0.3021916800572112	-0.25287992346505367
305.80856102171253	-0.4525981476595041	-0.17723013615550332	-0.11491853412506517
311.9247322421468	-0.265387071692131	0.13661292515826767	0.17816130905416735
318.1632268869897	-0.3305333215726526	-0.2034144814276371	-0.15944950706136776
324.5264914247295	-0.25431426431922466	0.3711113147412913	0.4159302973449551
331.01702125322413	-0.428483729797646	-0.19843445117723976	-0.1400812916479422
337.6373616782886	-0.36611774395868923	0.03451624788971189	0.08862750738138975
344.3901089118544	-0.2545995631950036	-0.03068189418432482	0.005808002652772981
351.27791109009144	-0.2571636478773037	0.2857518872718846	0.3292080835721557
358.3034693118933	-0.44817204242950254	-0.302612674194401	-0.24355868205248182
365.46953869813115	-0.41637534796365044	0.07408626601766848	0.13635113480440225
372.7789294720938	-0.3715928901527305	-0.14111818340717364	-0.08986751574754989
380.2345080615357	-0.34289459246561044	-0.08206020948270999	-0.033764335779031554
387.8391982227664	-0.4426318013930288	0.10630965522838706	0.1730749107487952
395.59598218722175	-0.2032641755966792	-0.07015889259038538	-0.04197784391150253
403.5079018309662	-0.4401178752514839	0.04910637420477991	0.11431328047488756
411.5780598675855	-0.2860763727498111	-0.09882348798978943	-0.05916283963022914
419.80962106493723	-0.25832515134338974	0.005935262728767821	0.043731331939861506
428.20581348623597	-0.5390998348218999	-0.10867256619756943	-0.03231785208182511
436.76992975596073	-0.5418327668246985	-0.21106801642018153	-0.1364479882670002
445.5053283510799	-0.37594984883830024	0.15585683481788673	0.21392987183217815
454.41543491810154	-0.21670085662743033	0.1636381033059477	0.1986494387163219
463.50374361646357	-0.3966885002147392	-0.12500386676316316	-0.06975770770607971
472.77381848879287	-0.44104331136830116	-0.09600580539311641	-0.033687110097595716
482.2292948585687	-0.4724691281058331	-0.021960944387834608	0.04648328378618617
491.8738807557401	-0.31468452518612416	-0.11752740629600263	-0.07408440067085957
501.7113583708549	-0.4081740967788927	-0.36631842100361656	-0.3144246656609366
511.745585538272	-0.36082571772461886	-0.0618197473137067	-0.010487241547901975
521.9804972490375	-0.2929178128738252	0.0922869604610536	0.1369267865147584
532.4201071940182	-0.3456609670119711	0.004684076279387464	0.05519055222445387
543.0685093378986	-0.43003279745096773	-0.1831507133248717	-0.12425323689087363
553.9298795246566	-0.1982656224566889	0.3377497571312499	0.37369994701308473
565.0084771151497	-0.23626778170098922	-0.18347593538149184	-0.15284263253721211
576.3086466574528	-0.17506392922825154	0.2906496861985859	0.3222350443401764
587.8348195906018	-0.3647263494286338	-0.21965807632150236	-0.1710450269531913
599.5915159824139	-0.49599398689873153	-0.11260966255770008	-0.042623240771587134
611.5833463020622	-0.3723155255139627	0.1279684495838832	0.18493047308766702
623.8150132281033	-0.35316220906965273	-0.10931306965665928	-0.06008760311851537
636.2913134926655	-0.4498101629681909	-0.08890610858001441	-0.02516100374257016
649.0171397625188	-0.4022505425968118	-0.046592757249617964	0.011098097769716694
661.9974825577692	-0.29362898416788996	-0.28926333948230043	-0.2524687655303643
675.2374322089246	-0.3257508538682847	0.14366636911337	0.19416475132569008
688.742180853103	-0.3528649218822007	-0.23816157291254905	-0.19166380457373958
702.5170244701651	-0.4454540909738477	-0.3226131871283598	-0.26437224025984796
716.5673649595684	-0.4245103213402209	-0.4235537549908703	-0.37047003635773124
730.8987122587598	-0.4852501844914746	-0.2389332199286598	-0.17314534343883328
745.516686503935	-0.24199073258666104	0.050310628679283376	0.08664908194565657
760.4270202340138	-0.48220135198265435	-0.024602851271431678	0.045205619824550625
775.6355606386941	-0.40150557629930933	-0.1340933091376044	-0.0783340232009885
791.1482718514679	-0.22775211916492127	0.10270455637693379	0.13805808534633762
806.9712372884973	-0.36474680162868	0.2055690731909388	0.26304400411993256
823.1106620342673	-0.32077550214924755	-0.12352661776223567	-0.07932032823551691
839.5728752749526	-0.5186876731948672	-0.19440803733335826	-0.12281625243688503
856.3643327804517	-0.1922482943697057	0.397966599197213	0.4342937796094037
873.4916194360608	-0.4764730476603104	0.08627859699341157	0.15756172054790293
890.961451824782	-0.4979060529229035	-0.14884508805558067	-0.07933472800548187
908.7806808612777	-0.34632981794504625	-0.32971893431262383	-0.2860816469938175
926.9562944785032	-0.3727224361810986	0.05210882693417518	0.10754978277171404
945.4954203680733	-0.3160288139448973	0.10203883679632914	0.15025218126321685
964.4053287754348	-0.3852285504694375	-0.09407872216371879	-0.039859531932003284
983.6934353509434	-0.3938334689961791	-0.0908479256608187	-0.035306543216809656
1003.3673040579624	-0.18704236783410091	0.3223322190854038	0.3563244856254894
1023.4346501391217	-0.2285328998033822	-0.5793642771820554	-0.5581066517353549
1043.903343141904	-0.23041242728696193	0.20458118257591257	0.24244510285892604
1064.7814100047422	-0.4575342305676962	-0.25420601759903283	-0.19277823434122365
1086.077038204837	-0.35914899111732645	-0.2706669236737519	-0.22392992337901166
1107.7985789689337	-0.452295849275177	-0.26043042489935075	-0.19989624739879064
1129.9545505483125	-0.34678182440443717	-0.04900046499757674	0.0005510413739541475
1152.5536415592787	-0.27714436785010516	-0.19339781056144023	-0.1570100446366633
1175.6047143904643	-0.4072098775770865	-0.29800702580326494	-0.2448307316941744
1199.1168086782736	-0.22543899496510214	0.48727802988694247	0.5303061756086644
1223.0991448518391	-0.37609342670255796	-0.055820839249062254	-0.002136815339294648
1247.561127748876	-0.41895312186650746	-0.10131713461635922	-0.042330577982001016
1272.5123503038535	-0.22432289908346448	0.14928582013969574	0.18510969750894463
1297.9625973099305	-0.4180383174656844	-0.0531386773074519	0.00671818821238853
1323.9218492561292	-0.13790795490456695	0.2854414529425938	0.3114997266358139
1350.400286241252	-0.24091377689463256	0.3743287237805535	0.41726049798978226
1377.4082919660768	-0.30723887140870243	0.18357109804908522	0.23220116467221022
1404.9564578053985	-0.3386277544380224	-0.01119293431515131	0.037957093742161274
1433.0555869615064	-0.275958287019255	0.15775059494433064	0.20128098252931226
1461.7166987007367	-0.21441515552404372	0.036591024429917074	0.0686222142861301
1490.9510326747513	-0.2673220527729279	-0.023846614822162382	0.01464104673176124
1520.7700533282464	-0.4568406201187551	-0.00878848775985977	0.05765100917912825
1551.1854543948114	-0.3526002240611137	-0.02181045577292423	0.029156025740719016
1582.2091634827077	-0.28871637638309905	-0.2593994429175502	-0.22269912642246406
1613.8533467523619	-0.34858431223752845	-0.16048833314056896	-0.11299662787969128
1646.1304136874091	-0.4599788206332168	-0.15577400170999822	-0.09193904873661218
1679.0530219611574	-0.4194943000906211	-0.1344460960782643	-0.07607080431667916
1712.6340824003805	-0.17628748919671777	0.45751676607300984	0.4927569575407189
1746.8867640483882	-0.3413176726358119	-0.39600124259444675	-0.3544757745557753
1781.8244993293558	-0.43666312036545735	-0.12869149829870516	-0.06769253279329893
1817.4609893159432	-0.33667240218968103	-0.024933561428642947	0.02364504802758878
1853.810209102262	-0.3934370731446129	0.021977569275652725	0.07981167513581822
1890.8864132843073	-0.21886963456843678	0.28157135799545135	0.3193559163282537
1928.7041415499934	-0.40840615905925526	-0.44625334603750844	-0.39599105921714833
1967.2782243809934	-0.30645196835655764	0.11236493219459918	0.1593967803339847
2006.6237888686132	-0.32323858373644526	0.19661197083920776	0.24784701369325615
2046.7562646459855	-0.2248871168992654	0.36752970771120097	0.4079826145029939
2087.691389938905	-0.2134590028821633	0.3389469695709036	0.3771378026906129
2129.4452177376834	-0.34160670040024915	-0.14895597332279678	-0.10224157895865202
2172.034122092437	-0.3350839067232102	0.13824080458183768	0.18998722440776078
2215.474804534286	-0.36619606383165193	0.14179132237153122	0.19814890089638737
2259.784300624972	-0.24757803578771456	-0.12178154037184144	-0.08821352557721315
2304.979986637471	-0.3632622524943255	0.00948955195016793	0.06266299610455217
2351.0795863702206	-0.5161240039637296	-0.17687543768944344	-0.1052922587299296
2398.101178097625	-0.3589002191734746	0.0998442023734821	0.1542639052190614
2446.0632016595778	-0.4516452081791548	0.09952113346612837	0.16745941660613278
2494.9844656927694	-0.394767204021326	-0.01151913038646421	0.0458111049835945
2544.8841550066245	-0.4081706841955765	-0.08079655406924081	-0.022954924167161744
2595.7818381067573	-0.35016710200597695	0.12661872969698354	0.18032265560820904
2647.697474868892	-0.2560725736315155	-0.22952498319860024	-0.1969628366939751
2700.6514243662705	-0.4012332480518433	-0.10098877576001929	-0.04457952658079252
2754.664452853596	-0.38989580918549266	-0.21870474767174097	-0.1664012910753511
2809.757741910668	-0.4153672435504507	-0.08520176379441279	-0.026402410855689028
2865.952896748881	-0.41128832855575953	-0.13708375453586286	-0.0799601181743118
2923.271954683859	-0.3038258274988228	-0.5318455116804871	-0.498617693330252
2981.737393777536	-0.3842727646120748	-0.4149280312237343	-0.3675325870349679
3041.3721416530866	-0.05097897592055879	0.4032551368786237	0.4190907195520098
3102.1995844861485	-0.24474277297882244	-0.4672847309666549	-0.44132817513571515
3164.2435761758716	-0.401587123844631	-0.06142989024990719	-0.004144890736104861
3227.528447699389	-0.43350450300485377	-0.07093996011077133	-0.009198469258204542
3292.079016653377	-0.31949298350274064	0.09192913068213021	0.14043704766549098
3357.9205969864443	-0.3627755610820569	-0.24032216527251699	-0.1924241077245612
3425.0790089261736	-0.2639262859127055	0.29546960211211876	0.3401144688517241
3493.580589104697	-0.2533831234267868	0.20871213880330552	0.2500120138614475
3563.452200886791	-0.3702061967074894	-0.12074783206478112	-0.06927500821295512
3634.721244904527	-0.3433522384967035	0.12093309980627143	0.17352474083300468
3707.4156698026172	-0.218841597999796	0.23593233878886588	0.27276199555527086
3781.56398319867	-0.2987679396420757	0.24701457672277963	0.29573103826897357
3857.195262862643	-0.39391713709390064	-0.22774244006989125	-0.17504082507848678
3934.3391681198964	-0.37072255201136906	0.07630164467718292	0.13195496777628224
4013.025951482294	-0.349856928675886	-0.2608492200299864	-0.21526277668204447
4093.28647051194	-0.3658819729314165	0.23393102567289975	0.2921623764269168
4175.152199922179	-0.3734836101304974	-0.2008958045564292	-0.15061477400732393
4258.6552439206225	-0.3223830036030312	-0.012877046485143762	0.03386886973852449
4343.828348799036	-0.5052368451590116	-0.1252591073688664	-0.0541882988533619
4430.704915775016	-0.4029316821050177	-0.16041837182453167	-0.10499955093056106
4519.319014090516	-0.18582376210328191	0.31622605662318004	0.3499133981095583
4609.705394372327	-0.3938639795691201	-0.2771490223762254	-0.22548446332190014
4701.899502259774	-0.13165520013199786	0.489015313885755	0.518402849610958
4795.937492304969	-0.4531355279384178	-0.0774720611342013	-0.013003797916811168
4891.856242151069	-0.33222940255328265	0.0073517005136356645	0.05595498214669012
4989.69336699409	-0.4754374223680119	0.08831164078399437	0.159486090728996
5089.487234333972	-0.4705293693837356	-0.02927756863842332	0.038731348383404265
5191.276979020651	-0.3791258866768262	-0.1756763444262175	-0.12404707646139328
5295.102518601065	-0.523508657210098	-0.274607935346287	-0.20398392148952876
5401.004568973086	-0.5088159321096197	-0.20444950457684138	-0.13450654582287266
5509.0246603525475	-0.19960793325391857	0.40563654735096366	0.4431967990203052
5619.205153559598	-0.4816024994885611	-0.1297629858989418	-0.062232683596421354
5731.589256630791	-0.37389724288364395	0.07287241347362804	0.1289172700081934
5846.221041763407	-0.45191672403676225	-0.18395802586093468	-0.12188596247767625
5963.145462598675	-0.28148252318866934	0.3036881424391369	0.35106451337163314
6082.408371850649	-0.3430108659842241	-0.20684889855309319	-0.1611358326502499
6204.0565392876615	-0.3506761164736098	0.12540814000941908	0.17916107657868338
6328.137670073415	-0.37852407939694666	-0.16083456649239736	-0.10898385838226753
6454.700423474884	-0.2698200834894884	0.082975033379972	0.1240524420842718
6583.794431944381	-0.21310799766599753	0.3088414746713761	0.34635392171998775
6715.470320583269	-0.3221025692133136	-0.4930259608901284	-0.4563240437317309
6849.779726994934	-0.4033986873989228	0.17759866635888327	0.24012761382036954
6986.775321534833	-0.34236998020567655	-0.1804343492887572	-0.13426444278561175
7126.51082796553	-0.2785547767740516	-0.02741019519777868	0.01264133068181672
7269.041044524841	-0.323394183639855	-0.3009994799228924	-0.2601086506404738
7414.421865415337	-0.49628835412982164	0.04907264094071631	0.1224703726042469
7562.710302723644	-0.31032498388147534	-0.39461432868094826	-0.3575797337124196
7713.964508778117	-0.36618096102381253	-0.36619890478987976	-0.3204266584903629
7868.24379895368	-0.39903527077922907	-0.013029134103012208	0.04489206925847929
8025.608674932754	-0.2747678739395642	-0.2966301332038037	-0.26273961269602997
8186.120848431409	-0.23333396418508032	-0.027201078317576705	0.006260102327797945
8349.843265400037	-0.4587067956902365	-0.1223217092562208	-0.05797533716089924
8516.840130708038	-0.34545354572036513	-0.02818223011103043	0.021609282179209675
8687.1769333222	-0.41477467211552926	-0.14307865302423595	-0.0855714852787261
8860.920471988644	-0.3972707823699074	-0.10859562901939167	-0.05292271552835084
9038.138881428416	-0.2392197235384826	-0.18919180911930808	-0.15824709545993162
9218.901659056984	-0.3407447530031751	-0.3475192622140753	-0.3050673036972388
9403.279692238124	-0.3332566184375257	0.2149629103447776	0.26804122783243295
9591.345286082887	-0.3539342249375511	-0.17931917533739425	-0.13143958368686368
9783.172191804546	-0.30444690585660406	-0.33725457875109	-0.29988220870431626
9978.835635640637	-0.4235316235926712	-0.1710643322292045	-0.11286314404338174
10178.41234835345	-0.3775259892639212	0.08296830166882066	0.13975268138790964
10381.980595320518	-0.3348880499175374	-0.2069148885468	-0.1623877747785507
10589.62020722693	-0.374357074342283	-0.11030003776629982	-0.058004215211514776
10801.412611371468	-0.3967682562029178	0.2517218471610384	0.31482808967315223
11017.440863598897	-0.3590946971745061	0.0783457332268592	0.13234591267370094
11237.789680870876	-0.4369894621326397	-0.25841568356875727	-0.2000717137487632
11462.545474488294	-0.3205859057056887	0.06583900383018756	0.11396276099206275
11691.796383978059	-0.4739424291211562	-0.07638638191309681	-0.00886116062278433
11925.63231165762	-0.3210794019726407	-0.19580323899165583	-0.15305839368297183
12164.144957890774	-0.3320284484898244	-0.07429147380325149	-0.027418397436053038
12407.42785704859	-0.44328343172388257	-0.09553310542600386	-0.03287787799597945
12655.576414189562	-0.30291225514074777	-0.034786888363410706	0.008663088670377378
12908.687942473352	-0.3425027385366301	-0.11014648200381724	-0.06249288434230493
13166.86170132282	-0.46137154776374173	-0.013761569543037262	0.0532350818070285
13430.198935349275	-0.17260644729199145	0.43406932971117046	0.46828421431023526
13698.802914056261	-0.3362453755126119	-0.15849523975739185	-0.11276143999008154
13972.778972337388	-0.36001062259318123	-0.24367065137547428	-0.19624557415095784
14252.234551784135	-0.4633450809444997	-0.19333888325027251	-0.12979561901358033
14537.279242819819	-0.3193220259308622	-0.18284670214181195	-0.14008821298818255
14828.024827676216	-0.31311485894953445	0.08004104056251107	0.12737114583770381
15124.58532422974	-0.28305915170370916	0.17528404354891666	0.2202152540796434
15427.077030714334	-0.321142781017404	-0.2059753737896367	-0.16343320517854937
15735.618571328621	-0.42328819098393317	-0.24715929631553119	-0.1905789204702812
16050.330942755194	-0.47064847436392754	-0.3194431441401776	-0.25746197379835856
16371.337561610299	-0.2963556054962659	-0.33065901825526234	-0.2943292220007081
16698.764312842504	-0.3068190859857559	-0.002703065567338181	0.041985070606264996
17032.739599099354	-0.3962929031351829	-0.004928348527521387	0.052761692585369446
17373.394391081343	-0.3855841858897747	0.05035482303275904	0.10763490895486705
17720.86227890297	-0.28855018722330367	0.026926336782783056	0.06956753776915611
18075.27952448103	-0.3040630916442067	-0.33644213102955417	-0.29910880789455646
18436.78511497065	-0.3180395592561659	-0.4336146281571133	-0.39626749718552906
18805.520817270062	-0.20234931143807477	0.4264418777960751	0.46483535816821253
19181.631233615466	-0.37514236833057935	-0.2608703799127313	-0.211596917446037
19565.263858287773	-0.3959953108939118	0.03323980240165589	0.09168161445705252
19956.56913545353	-0.43813559727002144	-0.11924999266071301	-0.05783959290593313
20355.7005181626	-0.3816716773503592	-0.03484261169438625	0.020091953508908064
20762.814528525854	-0.41446063474964756	-0.139825184520403	-0.08229603329692108
21178.07081909637	-0.15903685170355691	0.5577954164947079	0.5926090285451163
21601.6322354783	-0.46584775887199287	-0.05723333839474862	0.009510431890859709
22033.664880187865	-0.2842069829956707	0.28900434406565834	0.3364721195872282
22474.338177791622	-0.2609531406885287	0.003969639034446443	0.042108006198074505
22923.824941347455	-0.3958056455823663	-0.4074523369465696	-0.3582192706521949
23382.301440174408	-0.39908383933965835	-0.03579700244153659	0.021656953244631558
23849.947468977894	-0.25428596296658407	0.09578835619946544	0.13486731655291445
24326.946418357453	-0.3516026443491302	0.022837065652683536	0.07458822348802926
24813.485346724603	-0.201919688410842	0.44180160829239934	0.48045242969173874
25309.755053659093	-0.35299999734219056	-0.13133941546717098	-0.08259648701033431
25815.950154732276	-0.3487593051108633	0.23799853034329102	0.29381756505411044
26332.269157826922	-0.48204615518605826	-0.18960220613877313	-0.12325385446869747
26858.914540983464	-0.4042642990740467	-0.0336249419888255	0.024629748668039093
27396.092831803133	-0.38005959983260146	0.18571266927517122	0.245007041527325
27944.014688439194	-0.3165519238606571	0.04808854824284986	0.09525421522758847
28502.894982207978	-0.270912820348545	0.30706306202297273	0.35296832878261414
29072.95288185214	-0.5068554148745783	-0.08967479414309043	-0.01762660435186207
29654.411939489182	-0.3139954403307513	-0.24862261733746546	-0.2080112534837614
30247.500178278966	-0.25482220882028217	0.2160262553453419	0.25768837445132764
30852.450181844546	-0.17269139639219278	0.3432517227385907	0.37558696226950616
31469.49918548144	-0.30309473996252084	-0.10197890914144088	-0.059902153504019964
32098.88916919107	-0.32575069067005374	0.030412373868042547	0.07855127404634295
32740.86695257489	-0.38305440862504087	-0.5066345918779702	-0.4613273779509429
33395.684291626385	-0.38976316042543346	-0.0526833562198627	0.0030595347542659024
34063.597977458914	-0.2593490898002125	0.2413708388826922	0.2842211402886126
34744.869937008094	-0.40406809953962636	0.1737827255516684	0.23632979685019032
35439.767335748256	-0.31078296362812013	-0.050013049260789144	-0.005732472257954757
36148.56268246322	-0.30633545655722055	-0.3663592501059675	-0.32931781373524716
36871.533936112486	-0.3085855141706545	-0.1603525772741058	-0.11869120181742922
37608.96461483474	-0.3287627689917183	-0.0764769294546832	-0.030125628340363537
38361.14390713144	-0.3166109041400985	-0.31010994628885247	-0.27039814664943906
39128.36678527406	-0.37914294475935784	-0.42901430043461697	-0.38266041891626495
39910.934120979546	-0.33349628833473294	-0.08487257033704383	-0.038005873503583656
40709.152803399134	-0.40993343586570774	-0.27203684101686354	-0.21792231580763244
41523.33585946712	-0.31034910046673486	-0.09424896376333448	-0.0509532400236718
42353.80257665646	-0.441333562751237	-0.2951559165448532	-0.23694385357164885
43200.878628189595	-0.29605420841832697	-0.0667273749968944	-0.02494295658165699
44064.896200753385	-0.4176699896100813	-0.1457795882895105	-0.08790645622740516
44946.19412476845	-0.5422262199579181	0.017215695214741897	0.09664901260891207
45845.11800726382	-0.5410926882262046	-0.18442690260597935	-0.10935977937728245
46762.0203674091	-0.3349411726021782	-0.16093546577969764	-0.11544270031229034
47697.260774757284	-0.3272128651619115	0.0487391009068674	0.09747304167853917
48651.205990252434	-0.546783723299003	0.007459828591523322	0.08735453466828468
49624.230110057484	-0.34295821054452935	-0.2010284200005801	-0.1552017730461816
50616.71471225863	-0.30258431566880906	0.022259042851678013	0.06684965227945594
51629.0490065038	-0.39730938248529196	0.12453914793220433	0.18507466512656368
52661.62998663388	-0.4132827316732214	-0.11235204561476841	-0.05442231486273125
53714.86258636656	-0.3920195252898461	0.11285632650600202	0.1723770140796463
54789.159838093896	-0.3379309384024497	-0.5469800049284514	-0.5090938265141035
55884.94303485577	-0.2919142667365924	0.028692553497333517	0.07186114559428101
57002.641895552886	-0.3303458369168636	-0.038336670145185714	0.00904008377716553
58142.69473346395	-0.27043737165186627	0.30721800064716687	0.35305715902654666
59305.54862813323	-0.12119321060354055	0.5339982925474459	0.5627972668552006
60491.65960069589	-0.2758018843644068	0.3019921641043355	0.3485047756596519
61701.49279270981	-0.3256933756006572	0.03025163728724789	0.07837883033916136
62935.52264856401	-0.4599768939371643	-0.12926277577167603	-0.06487578656774953
64194.23310153529	-0.36268417093928956	0.12846236406107883	0.18403010490766436
65478.117763566	-0.2898915660218252	0.16449639535696248	0.21019925697174874
66787.68011883732	-0.5190067025286423	-0.1423535609338698	-0.06963078266789842
68123.43372121407	-0.38019758688061944	-0.09326027930346614	-0.039757720368864685
69485.90239563835	-0.3989342573719428	-0.13797981514036337	-0.08267648208904588
70875.62044355112	-0.2093389981375661	0.37670236366964316	0.4150789334744891
72293.13285242215	-0.23003283433131583	-0.26180720885137615	-0.23371507069579628
73738.99550947058	-0.15999429258770964	0.4375893140206132	0.4700382590650836
75213.77541966	-0.39176090825608284	-0.19769366680417252	-0.1446804857419139
76718.0509280532	-0.4427619623413849	0.2132423087091464	0.2822543096487056
78252.41194661426	-0.49036535282398364	0.1645317479661704	0.2394711066689632
79817.46018554654	-0.3843456674618577	-0.192830859452187	-0.14079775918591986
81413.80938925748	-0.3283798289949606	-0.025478799329254814	0.021879117413150767
83042.08557704263	-0.5433837206315482	-0.06668016128035116	0.011174127951742299
84702.9272885835	-0.4979014237043231	-0.0451275984317153	0.026542867557837767
86396.98583435516	-0.35559963394573574	-0.2273888856237841	-0.18026787412385972
88124.92555104227	-0.3569102463001851	-0.08166775214988009	-0.03131975273422552
89887.42406206312	-0.34331404376888797	-0.08935200046440413	-0.04114686909111637
91685.17254330438	-0.3170219510049043	-0.37214992731454016	-0.33367068294537783
93518.87599417046	-0.3663531711323512	-0.014603982523767503	0.03851827196378864
95389.25351405388	-0.502630083605366	-0.013186694198598858	0.05983880353137952
97297.03858433495	-0.3574264557707005	-0.1665792167359577	-0.11792492561806303
99242.97935602165	-0.34730685344569645	0.1149014183772942	0.16794411405431856
101227.8389431421	-0.42369399124220536	-0.13814754697239	-0.07923691381149321
