1.0	-0.44532871061718426	0.32408617614352003	0.39578174177818276
1.02	-0.45056802567406795	0.31087539654143936	0.3830598043801876
1.0404	-0.454964256120712	0.29791984023912715	0.37047545759504613
1.061208	-0.45845499610535095	0.2852586465438301	0.35805955527885697
1.08243216	-0.4609791634092129	0.2729318451612734	0.3458440532659768
1.1040808032	-0.4624778156778812	0.2609801404176341	0.3338619081293592
1.126162419264	-0.4628950546565491	0.24944466330519946	0.3221469559281379
1.14868566764928	-0.4621790167321231	0.23836668979256515	0.3107337691033449
1.1716593810022657	-0.4602829458079706	0.22778732407355293	0.2996574895887477
1.195092568622311	-0.45716634189472816	0.21774714572790155	0.28895363612354735
1.2189944199947573	-0.45279617579745607	0.2082858201392494	0.27865788369594613
1.2433743083946525	-0.4471481569350965	0.19944167197036408	0.2688058130227816
1.2682417945625455	-0.44020803768030076	0.19125122204065095	0.25943262799487504
1.2936066304537965	-0.4319729337147647	0.18374868859544874	0.2505728391079237
1.3194787630628724	-0.4224526358389375	0.1769654547092123	0.24225991107549924
1.3458683383241299	-0.4116708845619885	0.17092950443372837	0.23452587310805434
1.3727857050906125	-0.3996665747601915	0.1656648312956473	0.22740089076683456
1.4002414191924248	-0.386494853886191	0.16119082387127603	0.22091279889366378
1.4282462475762734	-0.3722280738166911	0.1575216344253517	0.21508659590748058
1.4568111725277988	-0.35695655363836587	0.15466553799633953	0.20994390077685826
1.485947395978355	-0.3407891086983045	0.15262429084195522	0.20550237525299872
1.5156663438979219	-0.3238533002948062	0.15139249881842531	0.20177511550346838
1.5459796707758804	-0.3062953606559238	0.15095700804237255	0.19877001913891088
1.5768992641913981	-0.28827974952322283	0.1512963320537812	0.1964891357770383
1.6084372494752261	-0.2699883018665949	0.15238013163056877	0.19492801172841737
1.6406059944647307	-0.25161893109186556	0.1541687653555545	0.19407504208469226
1.6734181143540252	-0.23338385859276944	0.1566129309455891	0.19391084638506773
1.7068864766411058	-0.21550734859715426	0.15965341914311362	0.19440768704568018
1.741024206173928	-0.19822293684299874	0.1632210035450794	0.19552895274187257
1.7758446902974065	-0.18177015249992298	0.16723649098328622	0.1972287317850101
1.8113615841033548	-0.16639074467386142	0.17161095783032626	0.19945150305006287
1.847588815785422	-0.15232443750718067	0.17624619771885236	0.20213197397445892
1.8845405921011302	-0.13980425102076058	0.18103540543834246	0.2051950963255022
1.922231403943153	-0.12905143818374853	0.18586412000305907	0.20855629057158614
1.960676032022016	-0.12027010207271455	0.19061144684464246	0.21212190853951007
1.9998895526624565	-0.11364157036240129	0.19515157454700138	0.21578996136124745
2.0398873437157055	-0.10931861792146538	0.19935559529556177	0.21945113531109967
2.08068509059002	-0.10741964232077036	0.20309363007405654	0.2229901118723784
2.12229879240182	-0.10802291215764406	0.2062372494817668	0.2262872002022934
2.1647447682498564	-0.11116102498431743	0.20866216881947808	0.22922028014676352
2.2080396636148536	-0.11681573111045734	0.21025118187966244	0.23166704228909707
2.252200456887151	-0.12491330237010662	0.21089728190816548	0.23350749854355943
2.297244466024894	-0.13532065156769388	0.21050690090695923	0.23462672302947618
2.343189355345392	-0.14784243866311414	0.20900318047315683	0.23491776903805175
2.3900531424522997	-0.1622194328703357	0.206329169621898	0.23428469461594487
2.437854205301346	-0.17812843356187424	0.20245082868172226	0.23264561750703144
2.4866112894073726	-0.19518408348379027	0.1973597047843299	0.2299357108087229
2.53634351519552	-0.21294292978245297	0.19107513529272044	0.2261100445379265
2.587070385499431	-0.23091009429996134	0.18364583242299448	0.22114617601721792
2.6388117932094195	-0.2485488952858458	0.17515070698592525	0.21504639394398456
2.691588029073608	-0.26529370751613696	0.16569880306574297	0.20783952714238257
2.74541978965508	-0.2805662457228742	0.15542823959987678	0.19958223875946002
2.8003281854481816	-0.2937952969787579	0.14450408959386096	0.1903597389364686
2.856334749157145	-0.3044397037333215	0.13311517257226715	0.18028586212863212
2.9134614441402884	-0.3120141081280537	0.12146978921874337	0.16950246726280838
2.971730673023094	-0.31611661541672226	0.10979048621211579	0.15817812775647355
3.031165286483556	-0.31645713579678003	0.09830800011964796	0.14650608242583774
3.091788592213227	-0.3128847487538587	0.0872545870901909	0.13470141684784093
3.153624364057492	-0.30541204546330086	0.07685699481517849	0.12299743883722608
3.2166968513386416	-0.29423409969995423	0.06732936985982078	0.11164120460481039
3.2810307883654146	-0.2797395624427486	0.05886641312490604	0.10088814958790915
3.346651404132723	-0.2625114378264929	0.051637096862342025	0.09099578773000438
3.4135844322153774	-0.24331543541562162	0.045779238848133036	0.08221647398891403
3.481856120859685	-0.22307443676436434	0.04139519637033191	0.07478928498951706
3.551493243276879	-0.2028285517512854	0.038548900571127726	0.06893116646342204
3.6225231081424165	-0.18368140884649578	0.03726440799975911	0.0648276219565347
3.694973570305265	-0.16673460953660543	0.03752610854942322	0.06262336636829116
3.76887304171137	-0.15301353644134158	0.0392807024163046	0.062413524447673244
3.8442505025455977	-0.14338880142155416	0.04244104327941514	0.06423609855504632
3.9211355125965097	-0.13849847538431198	0.04689193253794738	0.0680665421260335
3.99955822284844	-0.13867687105873946	0.052497922135618574	0.07381533920951014
4.079549387305409	-0.14389616030679117	0.05911311293023551	0.0813294928276892
4.1611403750515175	-0.15372762687147143	0.06659278596023888	0.09039874791983349
4.244363182552547	-0.1673298975804084	0.07480643966826875	0.10076718389183384
4.329250446203599	-0.18347179804528851	0.08365140516556657	0.11215044665478706
4.41583545512767	-0.20059690959972645	0.09306568478972149	0.12425826920613418
4.504152164230224	-0.21693453833097118	0.10303807156997508	0.13682098490094954
4.594235207514829	-0.23065675751067866	0.11361309377525473	0.14961747703254652
4.686119911665125	-0.24007313795666568	0.12488809259776895	0.16250059381223614
4.779842309898428	-0.2438445490969159	0.13700002143607637	0.1754148519592949
4.875439156096396	-0.24118719904385846	0.150100559014069	0.18840078718742484
4.972947939218325	-0.23203117428242667	0.16431993358489216	0.2015811451174313
5.072406898002691	-0.2170975734920445	0.17972231443911213	0.21512659212418345
5.173855035962745	-0.1978671579379901	0.19625831633368743	0.22920265845659615
5.277332136682	-0.17643113925647452	0.21372242179291162	0.2439045133884998
5.38287877941564	-0.1552382786604222	0.23172420883709416	0.2591907121591785
5.490536355003953	-0.13677639586497783	0.2496815820178534	0.27482983937353456
5.600347082104032	-0.12324394685198033	0.26684154672856153	0.2903738212013204
5.712354023746113	-0.11627219064721941	0.2823298012850434	0.3051680332812013
5.8266011042210355	-0.11674659682070776	0.29522544638377346	0.3184015218864553
5.943133126305456	-0.12474815818717076	0.3046526464419077	0.3291920163117431
6.061995788831565	-0.13959903288552128	0.30987830750311685	0.3366922978719036
6.1832357046081965	-0.159968651207697	0.310404530179248	0.3402000528591048
6.30690041870036	-0.1839961777781305	0.30604679565301723	0.3392555464884325
6.433038427074368	-0.20942366520479214	0.29699269661551153	0.3337209956373669
6.561699195615856	-0.2337943838245743	0.28383983567003807	0.32384817988758097
6.692933179528173	-0.2548012189258036	0.2676131490409641	0.3103469340726639
6.826791843118737	-0.2708097362956444	0.2497597392093306	0.29445615365263983
6.963327679981111	-0.2814163231404266	0.23211349238120763	0.2779890705971283
7.102594233580733	-0.2877182430891013	0.21681522593479274	0.2632911202589282
7.244646118252348	-0.2919327873506361	0.20617185775084082	0.2530406362759511
7.389539040617396	-0.296238838537264	0.20244443728088315	0.24986352701091927
7.5373298214297435	-0.30119039238710527	0.20756982798398316	0.25581779829010237
7.688076417858339	-0.30451883304021116	0.2228385000226246	0.27188996525812675
7.841837946215505	-0.30124699271175476	0.2485627808582871	0.29767302522996564
7.998674705139815	-0.28555206034603287	0.2837726927364321	0.33132763263557086
8.158648199242611	-0.2538456924168424	0.3259791896667216	0.36978958626223446
8.321821163227465	-0.20760704579528821	0.3710662183172592	0.40907279204401503
8.488257586492013	-0.15430712027004048	0.41342444065412187	0.4445405715404636
8.658022738221854	-0.10565173526622211	0.4464959595640215	0.47120550344792933
8.831183192986291	-0.07387876698308836	0.4638888423812617	0.48432718011590503
9.007806856846017	-0.06786392444164441	0.46105599993958113	0.4805581555860622
9.187962993982937	-0.09052180502638979	0.4371928239747236	0.45950210437387884
9.371722253862597	-0.13784058400660917	0.39661050517281893	0.4249749758648832
9.55915669893985	-0.1991303641903969	0.3486453479163523	0.3849486374423759
9.750339832918646	-0.258390105615047	0.30544736978179376	0.3494927470544421
9.945346629577019	-0.29741725351633336	0.2778524067139708	0.3270143479916438
10.14425356216856	-0.30121413498914507	0.27071644432459424	0.320283431600607
10.347138633411932	-0.26490568285115984	0.27993305564238996	0.3243970730507339
10.55408140608017	-0.19924490749858725	0.2931355438147379	0.3282990833210889
10.765163034201773	-0.13039414705779545	0.29456471480029855	0.3197172928045665
10.98046629488581	-0.0911948882686454	0.27240626278648694	0.29138064780038286
11.200075620783526	-0.10583882822173976	0.2253050312381351	0.24543371517126664
11.424077133199196	-0.17488894284304474	0.1647279178473943	0.193664386967159
11.65255867586318	-0.27001903466765875	0.11145128237808127	0.1531509599833249
11.885609849380444	-0.34559641885229414	0.08695277202319598	0.13916376585630547
12.123322046368054	-0.36441932309519043	0.10295676717048677	0.15824618443792052
12.365788487295415	-0.32105987378047696	0.15408191958877543	0.20411319117319449
12.613104257041323	-0.24440245974197794	0.21854039366497158	0.2587353439120303
12.86536634218215	-0.17831534822153045	0.26877758962926707	0.3003814443621833
13.122673669025794	-0.15633433339502908	0.2877049666437364	0.3164975770689227
13.38512714240631	-0.18414475727411192	0.28040911827955517	0.3131054186795206
13.652829685254435	-0.23333476458951324	0.2719687179693525	0.3116627194296847
13.925886278959524	-0.2530636184428477	0.2910199394824189	0.3339879659112178
14.204404004538715	-0.20901488305044866	0.34902186727701123	0.38677449329013946
14.48849208462949	-0.12381259919266735	0.4282623241408054	0.4552404599426695
14.77826192632208	-0.06419370424521995	0.4874431563092218	0.5069598039347585
15.073827164848522	-0.07930354814008751	0.4856542660924613	0.5073371640731504
15.375303708145493	-0.16362187098617947	0.4128361785652488	0.4452984551375093
15.682809782308402	-0.2719075337583616	0.3031245704778621	0.34909284770257865
15.996465977954571	-0.34285165671809076	0.21447318529057946	0.26894057658885473
16.31639529751366	-0.32902216837775283	0.18732636255840093	0.23921139466678992
16.642723203463937	-0.24708489637632297	0.21673103116816383	0.2572794750390477
16.975577667533216	-0.16967779668410957	0.2588429648148706	0.28898020526494644
17.31508922088388	-0.14574564872799736	0.2638133973910521	0.290564083609532
17.661391005301557	-0.17295094232643038	0.21242264513702352	0.24207012933331595
18.014618825407588	-0.23094538421347854	0.13178851008584772	0.16821363924376848
18.37491120191574	-0.28554690120028964	0.07757825374494763	0.12083672378967628
18.742409425954058	-0.28642465852059756	0.0978868877167211	0.14169646057840662
19.11725761447314	-0.21244054412646846	0.19934310384035242	0.23447699785546972
19.4996027667626	-0.11471435334410959	0.323144771140438	0.3466061304018798
19.889594822097852	-0.07141804569752679	0.3661031733679661	0.3841454544773547
20.28738671853981	-0.12791289752104032	0.2756624703776803	0.3000594027323671
20.693134452910606	-0.2620670134068665	0.1234401199250651	0.16422989521200526
21.10699714196882	-0.3357790553598837	0.03895122059129128	0.08873048326025959
21.529137084808198	-0.27547530206121157	0.07618896679624185	0.11794971848842356
21.95971982650436	-0.2075685755106218	0.17661100251418999	0.21056081566186796
22.39891422303445	-0.21015392970869567	0.26273558681479636	0.29885669295595607
22.846892507495138	-0.2280222847614138	0.33132638658253055	0.37148226949737284
23.30383035764504	-0.16554427061537116	0.4000992090943837	0.43257648208192495
23.769906964797944	-0.10749793331461988	0.4170127026058791	0.4413772491852169
24.2453051040939	-0.21044931775320336	0.341708765566786	0.37951822368843624
24.73021120617578	-0.31559459932560163	0.27338779589696793	0.32510758737980505
25.224815430299294	-0.22513174284751197	0.3314525694615982	0.37118954382397695
25.72931173890528	-0.091294372867277	0.40649517399365537	0.4282775861616677
26.24389797368339	-0.1804191418374571	0.31711617762412686	0.3500338895092586
26.768775933157055	-0.34954236058149774	0.1816216066347981	0.23638031769115816
27.3041514518202	-0.2943543912564746	0.22263014135983195	0.2701949513630644
27.850234480856603	-0.15511205829917207	0.3638683530229019	0.3940694522128416
28.407239170473737	-0.13336578302044605	0.40675943148685334	0.4346827629999779
28.97538395388321	-0.16130698955475417	0.34640686374315915	0.37714760938120995
29.554891632960874	-0.18532341759654197	0.2423296092659251	0.2744044745251275
30.145989465620094	-0.2774789622208878	0.12269150584425792	0.1657132608732261
30.748909254932496	-0.2503789758222356	0.008333132544478615	0.045020340113231305
31.363887440031146	-0.18585108374779508	-0.014087142400425773	0.012722658512785479
31.99116518883177	-0.2055805825351855	0.11135734568957542	0.14365779201115614
32.6309884926084	-0.20152157646801028	0.2193275338721255	0.25328542072937965
33.283608262460575	-0.2211251290977022	0.18229902072053822	0.21834433164563102
33.94928042770979	-0.251204916585321	0.2912670486257435	0.3339691624741391
34.62826603626398	-0.09657929996029428	0.5913624241125837	0.6177669558591388
35.32083135698926	-0.1937406177204762	0.565576754481755	0.6056134436176944
36.02724798412905	-0.3764733750498895	0.3549847278349232	0.4172826101929263
36.74779294381163	-0.15065301709277867	0.3946849240852413	0.42487775832971403
37.482748802687865	-0.1481650403751048	0.3568838646338805	0.3859263468684558
38.23240377874162	-0.23601023386394224	0.2653026590624601	0.30524795689808626
38.99705185431645	-0.16574323667624452	0.1426400060037074	0.16978256147740364
39.776992891402784	-0.30435204778100833	0.05945770008181557	0.1050810758015837
40.57253274923084	-0.14961645546364505	0.16156198815335987	0.1867469293283365
41.383983404215456	-0.24807671327501293	0.1656117103513053	0.2052398083362302
42.21166307229977	-0.2552663786862961	0.30680656517541016	0.3504247155083161
43.055896333745764	-0.04948544452514177	0.5329643423228227	0.551284393447798
43.91701426042068	-0.29554417229198526	0.3588099195080308	0.40938531795702937
44.795354545629095	-0.2454562070326934	0.2711638760133471	0.31260882028922626
45.691261636541675	-0.16616232824041993	0.2971541261308346	0.3275768432936215
46.60508686927251	-0.2462302591066889	0.061568042354549615	0.09875928935666155
47.53718860665796	-0.18200682942190066	0.24447576946699368	0.27611167728824987
48.48793237879112	-0.21076621679133342	0.2663037570512131	0.30258849193851617
49.457691026366945	-0.1852698435926549	0.31026922653548483	0.3437516876122363
50.44684484689429	-0.3301915364817562	0.34838481914112496	0.40379576861015454
51.455781743832176	-0.09655750040825138	0.5777426089991836	0.6038602154962032
52.484897378708816	-0.20728545753733107	0.3621669167428657	0.3999411900658695
53.534595326283	-0.2515946943644344	0.14797504715547505	0.1877487535660275
54.60528723280866	-0.19014653329604325	0.15537427764205838	0.18634094453194092
55.69739297746483	-0.2655946386881155	0.04859697349707929	0.0883419619202852
56.81134083701413	-0.17709771180011055	0.19997772293600463	0.2299706751346875
57.94756765375441	-0.1254589854141963	0.4105873943106615	0.43743740039837054
59.1065190068295	-0.3900477563983622	0.19568836796434713	0.2566471734383655
60.28864938696609	-0.06483704091011376	0.46522287170147164	0.48437041666131053
61.494422374705415	-0.33286009867137334	0.2849259100571871	0.33940396423962044
62.72431082219952	-0.08846542733137483	0.42920440323064185	0.4510473697837724
63.97879703864351	-0.28268523020202263	0.18816332868690183	0.23330832743900726
65.2583729794164	-0.25261539541554545	0.18027506570274346	0.22087054140298434
66.56354043900471	-0.10253665095058054	0.20600880750105047	0.22525391925428206
67.89481124778482	-0.28003522455426577	0.18723357017031345	0.23197273979635868
69.25270747274051	-0.16529208289058328	0.14464446819295856	0.1717629900351886
70.63776162219531	-0.2471073323472739	0.4354364252650706	0.4805445034254037
72.05051685463923	-0.18762005439445645	0.4062903106652724	0.44211595006999044
73.49152719173202	-0.21383109941665296	0.25907895376310963	0.29566013396476964
74.96135773556665	-0.19050355776291247	0.22643453637027317	0.2589336913850786
76.46058489027799	-0.2618795354484962	0.10234238483636282	0.1426652834400261
77.98979658808355	-0.12610648751884068	0.3976649802018894	0.4243401967192597
79.54959251984522	-0.24744271179813163	0.319861990682205	0.36261117762531175
81.14058437024212	-0.2828943716792407	0.2152597378482253	0.260999744923286
82.76339605764697	-0.23248478017663396	0.07572596496118308	0.1112076196736336
84.41866397879991	-0.20183840828578362	0.23488380574054296	0.26921198623514775
86.10703725837591	-0.007875352920809986	0.7321135870165605	0.7485144423803569
87.82917800354343	-0.2865723431315865	0.33753206000348623	0.38635577796024856
89.5857615636143	-0.22948833907927518	0.0963567265341275	0.13183120778598278
91.37747679488659	-0.16570278309229908	0.10195860610679669	0.1282477329349819
93.20502633078432	-0.2066573299007547	0.21384537381200147	0.24843801304361154
95.06912685740001	-0.056696517881305336	0.5887232668030756	0.6092565770524967
96.97050939454802	-0.15777767623982952	0.3619021944460996	0.3924510679487018
98.90991958243897	-0.2756650308268708	0.19431800050698655	0.2385674425131341
100.88811797408776	-0.11972473530525271	0.34401202655584323	0.36863880100777263
102.90588033356951	-0.18427536576018833	0.3007807332661927	0.33392048938259916
104.9639979402409	-0.25990432650318385	0.10090385227530804	0.1409087301460913
107.06327789904573	-0.28588230274019055	0.09102288828651275	0.13461036760875958
109.20454345702665	-0.18981698577469905	0.3464521232067424	0.38135151953235985
111.38863432616718	-0.2694320486592822	0.1087891443093301	0.15034775857858645
113.61640701269053	-0.2512492914824059	0.28866389781292023	0.3313182506918736
115.88873515294434	-0.24174098133577443	0.20075106225045852	0.24018726915881017
118.20650985600322	-0.189308902624485	0.14783486014012023	0.1785223013591101
120.57064005312328	-0.13582789333388057	0.36700236180304746	0.3944564787851352
122.98205285418575	-0.0491593843618119	0.656779819467825	0.6776318092595024
125.44169391126948	-0.20251579046289056	0.1807859454531931	0.21408587209263952
127.95052778949487	-0.28863721877769766	0.1648226682202213	0.21034940154655682
130.50953834528477	-0.3288234614200426	0.2622055185428764	0.31562155496960914
133.11972911219047	-0.26281975135083285	0.2193128266155672	0.26220972424205463
135.7821236944343	-0.1910204788822137	0.27036070699791165	0.30385037489735767
138.49776616832295	-0.03993796317507009	0.6410656481836992	0.6602454688172239
141.26772149168943	-0.30576032882231136	0.09443994555046199	0.14099749236935036
144.09307592152322	-0.17760839707262524	0.2504141689094345	0.2815323553348056
146.9749374399537	-0.12208140161279805	0.422949614531107	0.4495646025690382
149.91443618875277	-0.28143529470846224	0.13742626336131666	0.18133195765966148
152.9127249125278	-0.16301831614846665	0.19938917492977237	0.22731662051246065
155.97097941077837	-0.2004590310243057	0.23027578907546153	0.26430681003891154
159.09039899899395	-0.33304260197087754	0.2981376819886339	0.35291759648415005
162.27220697897383	-0.19399804869286788	0.10638508752225828	0.13689282561334853
165.51765111855332	-0.31212741838636365	0.27990582305032	0.3312557762118797
168.82800414092438	-0.1904164653168513	0.17853222070307595	0.21002070982643084
172.20456422374286	-0.15919336326448316	0.47210566069388804	0.5051568941010811
175.64865550821773	-0.17017365957828273	0.2436322605458046	0.2735249246623418
179.16162861838208	-0.23772585416279574	0.06201923040727694	0.09797965143950296
182.74486119074973	-0.32649189891417635	0.3459763885698281	0.4007976319233503
186.39975841456473	-0.18675473331387302	0.32682375996434365	0.360867653571874
190.12775358285603	-0.15001089916548316	0.25653859790974354	0.2837597414944961
193.93030865451314	-0.275480710619481	0.32886864568477037	0.37589434610187744
197.80891482760342	-0.2734235385159798	0.11275764583514206	0.1549810294902879
201.7650931241555	-0.27603661503594973	0.24217136317636617	0.28747193960194983
205.8003949866386	-0.23583803799859707	0.21077200504555274	0.2495561356921305
209.91640288637137	-0.134429945708806	0.6065714424379317	0.6388127145712561
214.11473094409882	-0.20467199837284794	0.05058294619878552	0.08148475734063385
218.3970255629808	0.014624361432720515	0.6029367156450345	0.6133651778453676
222.76496607424042	-0.26148648132768876	0.18288909828787941	0.22483273302916482
227.22026539572522	-0.2032605739413673	0.19341727505553657	0.22708896865230968
231.76467070363972	-0.24854363374388477	0.24939750255498874	0.2908392304458675
236.39996411771253	-0.30815119016476894	0.15580392203162072	0.20398855230630833
241.1279634000668	-0.2561877809840328	0.1503738028224591	0.1908673084414318
245.95052266806812	-0.20799121366960732	0.27780051963710806	0.31392008245636555
250.8695331214295	-0.271806175518067	0.23056489063096763	0.2750067264488309
255.8869237838581	-0.23365340534363188	0.1085508467799885	0.1448867777005179
261.0046622595353	-0.10178738404316458	0.515082639519615	0.5406575213492351
266.224755504726	-0.2182842478569711	0.2290342498255335	0.2656389161760404
271.5492506148205	-0.1941426612125775	0.3052620807784481	0.3399341788881666
276.9802356271169	-0.18064227719905498	0.29907714580048417	0.33165158509618975
282.51984033965925	-0.18738799888439234	0.26868582822838455	0.30161086615378313
288.17023714645245	-0.32484301345165945	0.15895481927556815	0.20963931747217618
293.9336418893815	-0.1867628898320422	0.23842501942596878	0.2706284620978493
299.8123147271691	-0.2502331062030514	0.05032874242638524	0.08786958588154653
305.80856102171253	-0.33624738004647686	0.31236619842422625	0.3679099038148422
311.9247322421468	-0.2576530180880754	0.22411260004816555	0.2663560110203466
318.1632268869897	-0.23628081011875096	0.22976853927820434	0.26901300198881806
324.5264914247295	-0.12003687171952909	0.3808391492123299	0.4062786752800181
331.01702125322413	-0.2605432340752509	0.47785095769494196	0.5258020742828939
337.6373616782886	-0.22868793984666	0.13975306754513128	0.17601491434662608
344.3901089118544	-0.2836779002268659	0.20602211879630858	0.25168394005431627
351.27791109009144	-0.27771045560013957	0.07706058286314497	0.11916545311448086
358.3034693118933	-0.1157996872751437	0.296382572235813	0.3194446635516842
365.46953869813115	-0.23571865422274318	0.2802246667283751	0.3204383176926996
372.7789294720938	-0.20078683522958676	0.1696213108590633	0.2024365016396085
380.2345080615357	-0.1720772345120243	0.24055682898953917	0.2706630262931581
387.8391982227664	-0.20362325118563493	0.11411302706942707	0.14618543926461192
395.59598218722175	-0.17559890269959527	0.23077590364350764	0.2611919082797717
403.5079018309662	-0.24294472539088574	0.13495119427784077	0.17319211661146666
411.5780598675855	-0.24900157182880273	0.2426493806798693	0.28401730533573366
419.80962106493723	-0.1721634006949728	0.3659034185911695	0.3986335690798358
428.20581348623597	-0.18691500783267878	0.4203374122549647	0.45635288031920884
436.76992975596073	-0.11852533247612657	0.2493398177016126	0.2718193415564979
445.5053283510799	-0.2121990439457944	0.2244164143342743	0.26003745020833335
454.41543491810154	-0.22027621584470694	0.4199018688833319	0.46077343929575443
463.50374361646357	-0.3088778907791289	0.31537477422179894	0.3669897744233762
472.77381848879287	-0.24511496283749773	0.1909269167531083	0.23065049293259984
482.2292948585687	-0.16250615349381453	0.22120442319395314	0.2495116627283418
491.8738807557401	-0.13971149670284638	0.30792921991513333	0.33471900526586373
501.7113583708549	-0.2561725593224906	0.19789141832090004	0.23937265443711536
511.745585538272	-0.09603862894979587	0.42076917807885456	0.44354083601067595
521.9804972490375	-0.3729057463430606	0.17828793196614717	0.23638435189047158
532.4201071940182	-0.2424281867383039	0.05812743029664537	0.09469252899382816
543.0685093378986	-0.1672183035511389	0.1919744042346937	0.22035987359079093
553.9298795246566	-0.22312423351588748	0.2272831260623404	0.2645571419097061
565.0084771151497	-0.4103658459225987	0.23023525728786878	0.2948768443450783
576.3086466574528	-0.21788039058315306	0.4342661075843308	0.47508754178571416
587.8348195906018	-0.19673189816103404	0.17985238352024124	0.2122893766587304
599.5915159824139	-0.3296559158593796	0.4357674687533515	0.4929207787485392
611.5833463020622	-0.13871430328495163	0.49112464207916295	0.5215855746848677
623.8150132281033	-0.10191526776335694	0.3709558439482227	0.3935467339126335
636.2913134926655	-0.350166212117499	0.29448051323244	0.3516814298585844
649.0171397625188	-0.23309372245598867	0.34633676183815615	0.3875449455679494
661.9974825577692	-0.4166165115632892	0.24794308393612646	0.31386513945444205
675.2374322089246	-0.2391735439376042	0.018439515863103634	0.05370314760115233
688.742180853103	-0.13731379250714493	0.3041059239160518	0.33046639207159484
702.5170244701651	-0.2792809172230427	0.13763731907738522	0.1812332303198578
716.5673649595684	-0.2626389632367668	0.08468104134394794	0.12474674517730866
730.8987122587598	-0.2771311404150425	0.34637563566067187	0.3940067527141295
745.516686503935	-0.1944851562154767	0.14721352903573287	0.17864289617206763
760.4270202340138	-0.1891862543368348	0.1721461381742162	0.20332217814363415
775.6355606386941	-0.2098381105504278	0.2704009450849816	0.3066356892295227
791.1482718514679	-0.23629561361342846	0.20850653206368897	0.2473101951336408
806.9712372884973	-0.21125417117289846	0.36842021867853614	0.40690353986372
823.1106620342673	-0.24537289664068712	0.1112896847497371	0.1493917672754568
839.5728752749526	-0.2032028588286483	0.16375927162590614	0.19680467336395707
856.3643327804517	-0.2983706354787578	0.23043033519664316	0.27874335152055874
873.4916194360608	-0.1721019526703445	0.2907252318694415	0.3218802089644801
890.961451824782	-0.25343387841586945	0.1342324805867276	0.17398809786793204
908.7806808612777	-0.253137225252224	0.1017338615472614	0.14076916234544534
926.9562944785032	-0.2184771296898093	0.09434151486154871	0.12816821116759486
945.4954203680733	-0.13286951135494224	0.4207820849067286	0.44892518208154786
964.4053287754348	-0.32237653252847615	0.1477205654195934	0.19781132152623773
983.6934353509434	-0.30481215380242566	0.17792807154645202	0.22608667879985683
1003.3673040579624	-0.3698666671847003	0.31233195341875136	0.3727777580794108
1023.4346501391217	-0.2678171417355485	0.11151693777006566	0.15289687381004285
1043.903343141904	-0.2413973278810443	0.28013637366735666	0.32117632510141225
1064.7814100047422	-0.126446154356237	0.23002618752024395	0.25325846393720025
1086.077038204837	-0.19180938953060236	0.2377699965167116	0.2706957407506893
1107.7985789689337	-0.20704601125881797	0.10988962376123894	0.14237320089817568
1129.9545505483125	-0.18169446254320573	0.2815932174654196	0.31395685195016665
1152.5536415592787	-0.28468261164127373	0.11443146999499688	0.15833167315091173
1175.6047143904643	-0.24783989073248358	0.4469961032385152	0.49245183945447146
1199.1168086782736	-0.25044053528617016	0.3644832503159514	0.40859922942676685
1223.0991448518391	-0.21003487641793284	0.12490740300662434	0.1581397267135442
1247.561127748876	-0.35255684178217284	0.1776842949257108	0.23280059049656326
1272.5123503038535	-0.11042289590648406	0.4439853426396889	0.469338376264378
1297.9625973099305	-0.028688653018936583	0.6757810199355335	0.6940435530827854
1323.9218492561292	-0.12386382213712518	0.3337278252181364	0.35874396230517835
1350.400286241252	-0.13822371072737774	0.4762195537505319	0.5062984189347439
1377.4082919660768	-0.27905543084524775	0.19301241100753197	0.23772908656845418
1404.9564578053985	-0.2463657582154109	0.10986989763989718	0.14808719358047576
1433.0555869615064	-0.3204396627117252	0.18603437995139033	0.23664088034583755
1461.7166987007367	-0.19434085758162584	0.18468112055927216	0.2168700189682441
1490.9510326747513	-0.20087157439544326	0.24635586713399454	0.2807820522986216
1520.7700533282464	-0.25349595042068207	0.17637297012115388	0.21701556643502745
1551.1854543948114	-0.05550506110568457	0.5702838828559872	0.590259285160066
1582.2091634827077	-0.2982138919064889	0.21691232299872237	0.26492085563089207
1613.8533467523619	-0.13814849649339572	0.2204535843664012	0.24519302311265467
1646.1304136874091	-0.08202235599550611	0.5113440129992233	0.5339586068527185
1679.0530219611574	-0.3176288706323301	0.19986617630455114	0.2503509319447774
1712.6340824003805	-0.025797471374506442	0.5950957418497875	0.6112557010471069
1746.8867640483882	-0.17028764741381705	0.3611452320186465	0.3935027062668832
1781.8244993293558	-0.25210140803508885	0.1489795388953189	0.18884806796075518
1817.4609893159432	-0.2524788636432452	0.19297665096847738	0.23381683214496057
1853.810209102262	-0.2933352928076375	0.1433517481517694	0.18911630643937843
1890.8864132843073	-0.24565787365413128	0.24542101262451904	0.2863590569620907
1928.7041415499934	-0.1841234069859876	0.1405664404907897	0.17034623818647102
1967.2782243809934	-0.25258331159928904	0.22788119860514228	0.2694637898509791
2006.6237888686132	-0.23785990322118328	0.16137082191599558	0.19942061659233476
2046.7562646459855	-0.23076861956563616	0.24747214058887806	0.28628156720446835
2087.691389938905	-0.3178387469571818	0.10792058797922714	0.1565204174933834
2129.4452177376834	-0.1928767789659246	0.3215865235037255	0.35641410634258386
2172.034122092437	-0.20781467730112452	0.21460255559321395	0.24937974927448658
2215.474804534286	-0.24135163110110133	0.2647897292460615	0.30550329480759836
2259.784300624972	-0.2565181911563737	0.14971539929071737	0.19024337298624516
2304.979986637471	-0.21818283250567055	0.377662585640957	0.41734888591555386
2351.0795863702206	-0.29489324858889254	0.3825477865967601	0.4335227975700728
2398.101178097625	-0.2363491890788438	0.21627369086928191	0.25524698283639
2446.0632016595778	-0.30886821091709665	0.36149656212339654	0.4140710212597106
2494.9844656927694	-0.1699308403640409	0.2171811209509803	0.24648730852388168
2544.8841550066245	-0.14006273791471896	0.2289335236427257	0.25412878799784566
2595.7818381067573	-0.17916770723522488	0.25743763254145	0.2889295405245338
2647.697474868892	-0.14087712319253265	0.36966594034910716	0.3979118945719579
2700.6514243662705	-0.15173845150069717	0.44466463559870884	0.47605700635086695
2754.664452853596	-0.22304568134844668	0.03061511991506792	0.06378043010994697
2809.757741910668	-0.09379211569375581	0.3798381054282923	0.4014294161633878
2865.952896748881	-0.11324571148232312	0.5088247454215087	0.5359402605422956
2923.271954683859	-0.3334306661576751	0.3242213311532096	0.37960124770022907
2981.737393777536	-0.14867354298187285	0.3468600633433637	0.37576787301454023
3041.3721416530866	-0.21083625319600025	0.013395470554755734	0.044421496449063166
3102.1995844861485	-0.16784546898046612	0.15669638072906647	0.18443835288724003
3164.2435761758716	-0.18908039650511588	0.1241216231936416	0.15428171483383857
3227.528447699389	-0.3652602163788619	0.17862461611910907	0.23561307717684118
3292.079016653377	-0.08546224254914862	0.581400511853703	0.605976266222406
3357.9205969864443	-0.14794458962749676	0.36163357246300426	0.39074285787666013
3425.0790089261736	-0.2678690217467027	0.19230192232709756	0.23537244471363955
3493.580589104697	-0.1367840619507352	0.19495575095960385	0.21896500480574443
3563.452200886791	-0.24170946731205153	0.21448020822884414	0.25419784321661926
3634.721244904527	-0.21141222846056262	0.2101310901445884	0.24533977117309932
3707.4156698026172	-0.3551763489940705	0.23250288573722983	0.28914324675172404
3781.56398319867	-0.30784213365953206	0.1780714567350813	0.22667492324241056
3857.195262862643	-0.22710431330836883	0.32419095937164527	0.364064316716025
3934.3391681198964	-0.2554408571783272	0.3272317591335889	0.37130087912071136
4013.025951482294	-0.07700307638611265	0.6160314758963119	0.6400950802837931
4093.28647051194	-0.1221363776854135	0.41901700315923707	0.44555807913751067
4175.152199922179	-0.10157788352511374	0.27936588539567797	0.2999994493555004
4258.6552439206225	-0.33502982523598696	0.3063231341659039	0.3615633823079417
4343.828348799036	-0.07692550072832183	0.43511217723066814	0.455395316445854
4430.704915775016	-0.2760101074793763	0.3656229227493645	0.41349154098071866
4519.319014090516	-0.24812256077389494	0.3942443788905201	0.43864234356359894
4609.705394372327	-0.16769820983678457	0.037971765125441675	0.06321883250008614
4701.899502259774	-0.1867829798450472	0.34874931041101853	0.3832541056053174
4795.937492304969	-0.33893162064999177	0.33543466778058234	0.3918504180374683
4891.856242151069	-0.17367379602996053	0.2805918610164423	0.31176495337532073
4989.69336699409	-0.09045002423722795	0.3628541195525953	0.3836042089112034
5089.487234333972	-0.24927611460662744	0.19332117781922087	0.23370146907058784
5191.276979020651	-0.19674493613315713	0.35194353007352147	0.38796765680280526
5295.102518601065	-0.23311471869626055	0.11230235895097045	0.1486378879056536
5401.004568973086	-0.1795143359997693	0.25187083209675604	0.2832973150987381
5509.0246603525475	-0.3280864360413619	0.427649683342321	0.48440499033465134
5619.205153559598	-0.2615679087076445	0.19796755216153478	0.24023719618476497
5731.589256630791	-0.18032018054615367	0.29056785269447205	0.32291804262192103
5846.221041763407	-0.16507363617619686	0.2036861897483853	0.23200289064383872
5963.145462598675	-0.11819906629459417	0.5280070805880595	0.556244591934939
6082.408371850649	-0.15351741927110757	0.32330326359079886	0.3524267052259771
6204.0565392876615	-0.3386227645463361	0.22803678231949936	0.282170035114163
6328.137670073415	-0.11994689529147436	0.41447804708674985	0.44060526196439714
6454.700423474884	-0.15780509556707062	0.23921879683785222	0.26721576487550525
6583.794431944381	-0.05307260128164448	0.4522007482233012	0.46936135149819314
6715.470320583269	-0.22375396463345698	0.16020091906973694	0.19616922472606893
6849.779726994934	-0.36297169106478877	0.19341244381649486	0.2503752413429535
6986.775321534833	-0.18809080655699154	0.2824014789137341	0.3157147523473315
7126.51082796553	-0.3985190342174566	0.11532064484434336	0.17584051743531298
7269.041044524841	-0.3543945089159458	0.35777711978357013	0.4169133423293033
7414.421865415337	-0.078689364525137	0.5742396537382254	0.5976785121843542
7562.710302723644	-0.25252862852623953	0.3275398580385615	0.37119069674110816
7713.964508778117	-0.28952173014249566	0.21469728788724013	0.2613920670306716
7868.24379895368	-0.10065239084582235	0.6185251566599147	0.6460895710886787
8025.608674932754	-0.264872143798134	0.31651654367267223	0.3617378259697475
8186.120848431409	-0.2284825018222403	0.2277507019958628	0.26581587313652
8349.843265400037	-0.17226159977014383	0.27811593455960654	0.30903149982941097
8516.840130708038	-0.08710114585644743	0.18230589475810288	0.19880618466962863
8687.1769333222	-0.15407355347178806	0.45331306201735755	0.48522614402402153
8860.920471988644	-0.3874759366629266	0.3240756737621965	0.3873341577289191
9038.138881428416	-0.19045600440284127	0.2941282860780573	0.3280307926800978
9218.901659056984	-0.094486685687041	0.5367282440042062	0.5616893907503206
9403.279692238124	-0.2642408935984361	0.158026195952218	0.19985353868432781
9591.345286082887	-0.25411922349193655	0.2240226642699656	0.2657488565348306
9783.172191804546	-0.37118416784153385	0.19749208849981315	0.25573753148711625
9978.835635640637	-0.2436324657913391	0.11987044873147257	0.15789748434128187
10178.41234835345	-0.1713337475452747	0.18870336087893322	0.2176208524142636
10381.980595320518	-0.13082630856147073	0.3196977001403754	0.34543690555851436
10589.62020722693	-0.18961133732575272	0.22820846538663014	0.2606144617755239
10801.412611371468	-0.08510220799241751	0.42898878096146326	0.4503367858970546
11017.440863598897	-0.034094122700886104	0.5854647746136974	0.6026340169786953
11237.789680870876	-0.11463943719998884	0.3131883625170269	0.3364313713277967
11462.545474488294	-0.10025117590529634	0.2036570381802794	0.22251985629522422
11691.796383978059	-0.16736320335214952	0.18888368212168138	0.21722589265473824
11925.63231165762	-0.2599004234620931	0.2282313558324024	0.2708883208337993
12164.144957890774	-0.26259370846596014	0.13420636189893514	0.1752972435897822
12407.42785704859	-0.21742882282146928	0.14103166180478877	0.1756781914205195
12655.576414189562	-0.28468157750962214	0.4628481988890395	0.5140069330860477
12908.687942473352	-0.4536870203931113	0.20837057025885347	0.2788743142799083
13166.86170132282	-0.19621437001479103	0.15864056035035903	0.19056016765148184
13430.198935349275	-0.12767119219694836	0.43066889259812147	0.45825987672263724
13698.802914056261	-0.3000235639237419	0.20029640259739168	0.24822268072371634
13972.778972337388	-0.15300616192747735	0.21171931175690384	0.23844352936626312
14252.234551784135	-0.1359899031386037	0.30012010387431576	0.32620446691274374
14537.279242819819	-0.30373002779084146	0.22957239953757141	0.27864912024743527
14828.024827676216	-0.28406430194258947	0.09766375710125769	0.14112446274082818
15124.58532422974	-0.17054519023244868	0.23807306468997938	0.26790409377991936
15427.077030714334	-0.22122567282684596	0.23364332682464495	0.27077297342074014
15735.618571328621	-0.250155217450373	0.10634388316395957	0.14504034994138812
16050.330942755194	-0.057904733237737024	0.5543827900086518	0.5743768717310019
16371.337561610299	-0.22986501521140465	0.19044039766559906	0.22792988733529554
16698.764312842504	-0.21945486585584847	0.23930468031781899	0.27629402909508477
17032.739599099354	-0.16526649997106155	0.27872420108221163	0.3086323198505375
17373.394391081343	-0.29682217015484097	0.20551572393294149	0.2530838679957921
17720.86227890297	-0.30596744342032894	0.2834948368507871	0.3340212314506431
18075.27952448103	-0.2243922113158899	0.13651643500352972	0.1720843915496706
18436.78511497065	-0.117695659742619	0.3749625684026139	0.39993823895680025
18805.520817270062	-0.2431707616905749	0.17465303826311795	0.2137540459734751
19181.631233615466	-0.12329464345216821	0.3578624897137703	0.3832984270862484
19565.263858287773	-0.26101244827239556	0.2335176361599731	0.27644690228636354
19956.56913545353	-0.2703699214699239	0.04370999959135273	0.0840495714638698
20355.7005181626	-0.22659150717141474	0.04893947335491011	0.08300364051230204
20762.814528525854	-0.27992060920254574	0.06575631247340433	0.10794799115863819
21178.07081909637	-0.11790295863932795	0.31788587958980274	0.3417026835494923
21601.6322354783	-0.18995726232684074	0.27162692183779863	0.30498791679875037
22033.664880187865	-0.1308825772098059	0.42937377168276536	0.4574061011025863
22474.338177791622	-0.15434509491020337	0.4597951309685896	0.49188285587150654
22923.824941347455	-0.2608410194622863	0.21487674481270497	0.25739265900121977
23382.301440174408	-0.3394565391914521	0.1017941925414826	0.1534189835181836
23849.947468977894	-0.1378839712380741	0.2163456462736062	0.24096092637652547
24326.946418357453	-0.1814934534400881	0.25904011329353993	0.29090457761383487
24813.485346724603	-0.24652770246570235	0.1567183917859372	0.19593531489105917
25309.755053659093	-0.18048364478682125	0.23864897887842956	0.26994136413647496
25815.950154732276	-0.2943425955930987	0.14956689746084784	0.19560783634860907
26332.269157826922	-0.19559096008496157	0.32004325933100125	0.35523450891278735
26858.914540983464	-0.25338438418411047	0.05431914874814284	0.09240268704057863
27396.092831803133	-0.1639758805349924	0.18005136432844668	0.20771558366330906
27944.014688439194	-0.28217619710216785	0.10226893170868237	0.1455502298633461
28502.894982207978	-0.1638384583806914	0.2965334647779826	0.3266043538080414
29072.95288185214	-0.12652927988551788	0.5184941221468077	0.5477482696748376
29654.411939489182	-0.20932532159521963	0.31295587779409917	0.3500024013141124
30247.500178278966	-0.09517891990866635	0.3785740713346114	0.40034129030742965
30852.450181844546	-0.17548391280833847	0.1404540533658275	0.16897158342883156
31469.49918548144	-0.29724791819644936	0.2294629225643734	0.27759205485478006
32098.88916919107	-0.2032673033517506	0.08260471390616383	0.1139687938513392
32740.86695257489	-0.15096503144029833	0.4117762164854483	0.4423706214139387
33395.684291626385	-0.19738035196118803	0.1672484229927383	0.19951739979942693
34063.597977458914	-0.1987503008803924	0.3336530254951264	0.369588549071332
34744.869937008094	-0.1763670345485284	0.1770430849390104	0.20645167508023343
35439.767335748256	-0.3029003332784893	0.003541216524750715	0.04778795713879608
36148.56268246322	-0.07815520991070286	0.4579252275465314	0.478862971232395
36871.533936112486	-0.23849846511288803	0.2765295707973442	0.317071629684585
37608.96461483474	-0.22248310852764452	0.22013899025926018	0.25717067254994297
38361.14390713144	-0.2749260425788567	0.31376226060361223	0.3603923555756042
39128.36678527406	-0.38227010496558816	0.21424199643811578	0.2744530950047248
39910.934120979546	-0.16627296288423316	0.5031041601482036	0.5378336372385752
40709.152803399134	-0.25040034420823404	0.2717486519388552	0.3139267990512821
41523.33585946712	-0.20440521827727187	0.15273250916017816	0.1857235307664507
42353.80257665646	-0.16434093012398196	0.1873597511609256	0.21522946495319228
43200.878628189595	-0.07277290397674017	0.5063751622569069	0.5275373599672004
44064.896200753385	-0.15190069381897234	0.17495720296346517	0.20075432920713748
44946.19412476845	-0.19171172328871333	0.11102328225690049	0.14129422695018992
45845.11800726382	-0.2958584491475592	0.25044938956599516	0.29881310901597247
46762.0203674091	-0.2626337648929555	0.200022260088512	0.24249014788724532
47697.260774757284	-0.22203353399877349	0.1552244229265766	0.19083815544570143
48651.205990252434	-0.31622159666456506	0.3283720224618762	0.38132875577674763
49624.230110057484	-0.10716376310683065	0.24681066032872725	0.2675805978719886
50616.71471225863	-0.3624883779986217	0.2177266267236403	0.2751254865718485
51629.0490065038	-0.17479915473666682	0.2911565558347654	0.3227138608137536
52661.62998663388	-0.13826665553796064	0.4225675942639403	0.45153497307705825
53714.86258636656	-0.08806001715608118	0.4749909321898816	0.49772866244576597
54789.159838093896	-0.13032530811816054	0.23131098921585808	0.2551357422584202
55884.94303485577	-0.3891058943063313	0.21803476399497035	0.27932176449787216
57002.641895552886	-0.22172690470052808	0.1862204806377697	0.2224352475865502
58142.69473346395	-0.13711888795701566	0.12968578835821126	0.15238408010940546
59305.54862813323	-0.140665312514056	0.13684229440800239	0.1602068669498023
60491.65960069589	-0.17920958075076907	0.19590379481348247	0.2261198543982505
61701.49279270981	-0.24205362919056303	0.1122728767798189	0.14991138263635556
62935.52264856401	-0.20697251067033842	0.3140619020908024	0.3507883495237851
64194.23310153529	-0.253196801023833	0.26560847891762085	0.3080665223777136
65478.117763566	-0.17918071735924865	0.14420010811461165	0.17333479831522314
66787.68011883732	-0.2680933467073595	0.2416141417677957	0.28574471611611474
68123.43372121407	-0.3461436698875745	0.32187673141637924	0.3790617818461584
69485.90239563835	-0.23767605545088136	0.16113021562788443	0.19914818654005226
70875.62044355112	-0.22210661847432844	0.19957385752236378	0.23612219474825258
72293.13285242215	-0.16810843722709715	0.0691363851318764	0.0950925402510755
73738.99550947058	-0.2452761578941149	0.08182959607130214	0.11930381901567932
75213.77541966	-0.41821135410622956	0.18297131189346502	0.24777237003173733
76718.0509280532	-0.08570328100404422	0.2675556070163032	0.2856280773088993
78252.41194661426	-0.2282252519796777	0.2624723225037699	0.30122334513630145
79817.46018554654	-0.15408103271956203	0.09074408620154581	0.11510473860234752
81413.80938925748	-0.14804357862016676	0.4509798093493845	0.48196491059293767
83042.08557704263	-0.26750928325263934	0.3715854313962014	0.4183385650246322
84702.9272885835	-0.2986197297561289	0.2035259478367082	0.2513147823394084
86396.98583435516	-0.1965009438739553	0.20974018775315856	0.2427661626463012
88124.92555104227	-0.07484004475945417	0.4574900519831872	0.477935267926924
89887.42406206312	-0.1635057034769542	0.3062009541552322	0.3364247224571887
91685.17254330438	-0.14919815144030027	0.34452081110131705	0.37345639175097156
93518.87599417046	-0.18237819822053708	0.22131292002394448	0.25252042643160494
95389.25351405388	-0.21005695318972203	0.10681787412326293	0.13967655217433209
97297.03858433495	-0.2619930361784878	0.22291720264296033	0.2657686288073848
99242.97935602165	-0.20176426870982023	0.23285170553602152	0.26712673858820407
101227.8389431421	-0.16063840910138968	0.15250852882454632	0.1791122245023437
