1.0	-0.5070300108444287	0.25193370123798065	0.3311241965952511
1.02	-0.515575320563976	0.23398210569038141	0.3140448004745108
1.0404	-0.523357975026203	0.21602530759254357	0.2968488728587096
1.061208	-0.5303044877658093	0.19809421618330575	0.2795572501529718
1.08243216	-0.5363407098432458	0.1802211693489092	0.2621921305624849
1.1040808032	-0.541392524120998	0.16243985442585868	0.24477709449404295
1.126162419264	-0.5453866432962944	0.14478521182489404	0.22733712255195562
1.14868566764928	-0.5482515154434044	0.12729332065751575	0.2098986108400438
1.1716593810022657	-0.5499183391587601	0.11000126566686534	0.19248938316224423
1.195092568622311	-0.5503221883279275	0.09294698490855745	0.17513869955864186
1.2189944199947573	-0.5494032440155031	0.07616909779444964	0.15787726041742822
1.2433743083946525	-0.5471081279975264	0.05970671330310235	0.1407372051632229
1.2682417945625455	-0.5433913290043845	0.043599218374079485	0.12375210423667883
1.2936066304537965	-0.5382167088309603	0.027886046738102622	0.10695694274966146
1.3194787630628724	-0.5315590711313638	0.012606428689817307	0.09038809382751248
1.3458683383241299	-0.5234057710043248	-0.0022008774173714763	0.07408327924123069
1.3727857050906125	-0.5137583384768653	-0.01649787088638198	0.058081514498027925
1.4002414191924248	-0.5026340838239983	-0.030247610231165477	0.04242303511335165
1.4282462475762734	-0.4900676474692981	-0.04341452888667945	0.027149200350787377
1.4568111725277988	-0.4761124521763533	-0.05596476306532965	0.012302370313194195
1.485947395978355	-0.4608420105758032	-0.06786648941700128	-0.002074248070884183
1.5156663438979219	-0.44435103701398576	-0.07909026980566586	-0.015936790862077665
1.5459796707758804	-0.42675630951228627	-0.08960940015967857	-0.029240967525796777
1.5768992641913981	-0.4081972255531739	-0.09940025998199939	-0.041942336671786505
1.6084372494752261	-0.38883599471497143	-0.1084426587158121	-0.05399663154312481
1.6406059944647307	-0.3688574120944271	-0.11672017474395557	-0.06536013912068404
1.6734181143540252	-0.34846815917423307	-0.12422048234962275	-0.07599013585233089
1.7068864766411058	-0.3278955834411986	-0.1309356614728202	-0.08584538183499583
1.741024206173928	-0.30738591469150967	-0.13686248455460134	-0.09488667375697707
1.7758446902974065	-0.2872018845330383	-0.14200267416372864	-0.10307745504773824
1.8113615841033548	-0.2676197259740889	-0.14636312444707056	-0.11038447950182988
1.847588815785422	-0.24892554194252997	-0.14995607874147	-0.11677852218196506
1.8845405921011302	-0.23141104480034763	-0.15279925494679558	-0.1222351287248031
1.922231403943153	-0.2153686830512702	-0.15491590951668577	-0.12673539135330653
1.960676032022016	-0.20108618612904955	-0.1563348302216181	-0.13026673704074876
1.9998895526624565	-0.18884057311030095	-0.15709024724557105	-0.1328237104846016
2.0398873437157055	-0.17889168626495794	-0.15722165178362996	-0.13440873194881592
2.08068509059002	-0.17147532560222117	-0.15677351122962035	-0.13503280772991366
2.12229879240182	-0.1667960763430606	-0.15579487042158846	-0.13471616908867529
2.1647447682498564	-0.16501993824797795	-0.15433882941183436	-0.13348881403008395
2.2080396636148536	-0.1662668850059331	-0.1524618900251789	-0.13139092533733815
2.252200456887151	-0.17060350481815503	-0.15022316624486304	-0.1284731377556501
2.297244466024894	-0.17803590145242354	-0.14768345738550634	-0.12479662711922593
2.343189355345392	-0.18850306993104218	-0.1449041882033166	-0.12043299442594199
2.3900531424522997	-0.201871003809538	-0.14194622661197978	-0.1154639182775051
2.437854205301346	-0.2179278420333306	-0.13886859746988717	-0.10998054962064917
2.4866112894073726	-0.2363804215611049	-0.1357271197881092	-0.1040826233060336
2.53634351519552	-0.25685266422258207	-0.13257300430466806	-0.09787726169522208
2.587070385499431	-0.2788862868820537	-0.12945145809267994	-0.09147744663264465
2.6388117932094195	-0.30194437397932206	-0.12640035190304616	-0.08500013802904184
2.691588029073608	-0.3254183785647643	-0.12344901325228282	-0.07856402082101054
2.74541978965508	-0.34863910647067836	-0.12061721264313462	-0.07228686821289275
2.8003281854481816	-0.37089217037156996	-0.11791441045430713	-0.0662825191595846
2.856334749157145	-0.39143825770278845	-0.11533932671663294	-0.060657483441572714
2.9134614441402884	-0.4095383224022998	-0.11287988421892195	-0.05550720978981414
2.971730673023094	-0.42448347473497605	-0.11051355666288373	-0.050912082361176475
3.031165286483556	-0.4356289058263967	-0.10820812817428985	-0.04693324874490478
3.091788592213227	-0.442430658562511	-0.10592283964252472	-0.04360842776137786
3.153624364057492	-0.44448347745110484	-0.10360986354979933	-0.04094789524546734
3.2166968513386416	-0.4415573907813642	-0.1012160158308722	-0.038930896671733085
3.2810307883654146	-0.4336301723451493	-0.09868458558415986	-0.037502780983495604
3.346651404132723	-0.42091248457570646	-0.09595714643579174	-0.03657318298591358
3.4135844322153774	-0.4038624114730199	-0.0929752121624873	-0.03601559407605708
3.481856120859685	-0.38318632813025794	-0.08968161769027079	-0.03566864520648884
3.551493243276879	-0.3598236744635182	-0.08602154618374741	-0.035339375869979095
3.6225231081424165	-0.3349142058123771	-0.08194318122475974	-0.034808675819303955
3.694973570305265	-0.309747620800629	-0.07739803286312293	-0.03383896384767965
3.76887304171137	-0.2856969864335397	-0.07234105525587796	-0.032184016718817585
3.8442505025455977	-0.2641389021551197	-0.06673072482884139	-0.02960069169848721
3.9211355125965097	-0.24636465165703703	-0.06052926204533629	-0.025862109971296232
3.99955822284844	-0.2334874949331251	-0.05370313877937045	-0.020771694492860003
4.079549387305409	-0.2263516654551075	-0.046223905267680526	-0.014177285415220741
4.1611403750515175	-0.22544864141259485	-0.03806919700235328	-0.0059843784005654925
4.244363182552547	-0.2308461417217569	-0.029223563995707462	0.0038326740888048553
4.329250446203599	-0.2421354929416992	-0.019678549245686957	0.015222907032359009
4.41583545512767	-0.2584039311940324	-0.009431303213549468	0.028056117935298032
4.504152164230224	-0.27824012689791433	0.0015189500362186165	0.04212728000125231
4.594235207514829	-0.29978316997346355	0.013176986667050541	0.05716988617707755
4.686119911665125	-0.3208259896028775	0.02555996712307737	0.07287958992189446
4.779842309898428	-0.3389815849279728	0.038706959303377024	0.08894816875752676
4.875439156096396	-0.3519124376666679	0.05268729490953374	0.10510551071320483
4.972947939218325	-0.3576092589373022	0.06760439494790482	0.12116417010434276
5.072406898002691	-0.3546865472928129	0.08359111581929296	0.13705771887906348
5.173855035962745	-0.34264425561436423	0.10079299787247466	0.15286180593857931
5.277332136682	-0.3220345601266947	0.1193373820107315	0.16878695082109804
5.38287877941564	-0.2944776767608035	0.13928924943927182	0.18513576999687384
5.490536355003953	-0.2624948237979239	0.16059845159473746	0.20222474780682506
5.600347082104032	-0.22916731842703664	0.18304687914204598	0.22028058972811482
5.712354023746113	-0.19767866953745006	0.20620689518968335	0.23933101148034655
5.8266011042210355	-0.17083644325987096	0.22942285576196464	0.2591161465657367
5.943133126305456	-0.15068701727663597	0.2518250105343806	0.27904655494002295
6.061995788831565	-0.1383182859549263	0.2723795615092095	0.2982255524090781
6.1832357046081965	-0.13389179145039715	0.2899711583993922	0.3155381104525624
6.30690041870036	-0.13686855293190903	0.30350646456885777	0.32978951321661243
6.433038427074368	-0.14631786098922828	0.31202190336700286	0.3398603810814112
6.561699195615856	-0.1611610497086932	0.31477738038523184	0.3448378955591086
6.692933179528173	-0.18023527778743376	0.3113218786271253	0.3440920624425245
6.826791843118737	-0.20217301372421947	0.3015259567986207	0.3372913120667073
6.963327679981111	-0.22524073117740961	0.28558780599468636	0.3243851585829479
7.102594233580733	-0.2473746512212474	0.2640288661488377	0.3056049374967037
7.244646118252348	-0.26659224894290495	0.2376961147563349	0.2815261534512655
7.389539040617396	-0.28171731489719665	0.20777660364506406	0.2531890579768441
7.5373298214297435	-0.2930456870714949	0.17580674315102657	0.22220521299793267
7.688076417858339	-0.3024253696054752	0.1436338096508455	0.1907298804193699
7.841837946215505	-0.3124199005830727	0.11327677350530291	0.1611979417883615
7.998674705139815	-0.3247426927817666	0.08665364394060918	0.1358172375533795
8.158648199242611	-0.33871234448792115	0.06519689039047744	0.11595070917810091
8.321821163227465	-0.3507138116250598	0.04945099199856086	0.1016269851938521
8.488257586492013	-0.3553290381212285	0.038803081769344425	0.09143029736555161
8.658022738221854	-0.34797129557230944	0.03150211715378587	0.08290422519878483
8.831183192986291	-0.32788096694657837	0.025055396079941422	0.07339335784464956
9.007806856846017	-0.29982960996842845	0.016969882958899313	0.061048573640938825
9.187962993982937	-0.27335117098909895	0.005678181659080961	0.04566018954622206
9.371722253862597	-0.25960498119656517	-0.008592799965362607	0.029087243126524803
9.55915669893985	-0.26712704774414475	-0.0232691239905415	0.015202130389009999
9.750339832918646	-0.2979712959831842	-0.033425529013970584	0.009332253129119408
9.945346629577019	-0.3454382735804035	-0.032520390002887145	0.01717851676919485
10.14425356216856	-0.3945541519259084	-0.013982689646836341	0.04326515147471623
10.347138633411932	-0.426321354039846	0.026433764774498367	0.0891563323381113
10.55408140608017	-0.4251300103042757	0.08801395350994304	0.15184570404410708
10.765163034201773	-0.3859280518802348	0.16319774631449352	0.22287887359524639
10.98046629488581	-0.31695531440394137	0.2378467528146525	0.28902454351553253
11.200075620783526	-0.2369246885177933	0.2946711510891099	0.3353616504789779
11.424077133199196	-0.16905215635697013	0.3193549321292333	0.3506615993506505
11.65255867586318	-0.13404202523174	0.30692460523911513	0.3328666631945588
11.885609849380444	-0.1421405529436299	0.26484306200233676	0.29108945643166484
12.123322046368054	-0.18598770212278462	0.21045300344488801	0.24196064757622932
12.365788487295415	-0.24054850904632946	0.16351906973087893	0.2020057079195286
12.613104257041323	-0.27590201255878544	0.13771193532151904	0.18081664413887355
12.86536634218215	-0.2773297398253011	0.13550684090336015	0.17877382048003654
13.122673669025794	-0.2551560862275024	0.14860978456765603	0.18891608432099297
13.38512714240631	-0.23411425130516747	0.16285683089052172	0.20039134318274449
13.652829685254435	-0.23400866372395457	0.16494584781298083	0.20250848310216135
13.925886278959524	-0.25939738456239586	0.1482955479927274	0.18921382382459193
14.204404004538715	-0.300839017354791	0.11559906830617894	0.161879738926798
14.48849208462949	-0.33969787800336565	0.0765817664666114	0.1277164938101566
14.77826192632208	-0.3541066971729895	0.041952098229144155	0.09446666027997895
15.073827164848522	-0.3336926911986548	0.01737341970293088	0.06639888341321243
15.375303708145493	-0.29548628976981706	0.0015663521547848724	0.04469073508277463
15.682809782308402	-0.27166458119209486	-0.010480264319977312	0.028919148263870376
15.996465977954571	-0.2777193557235053	-0.021553686506203845	0.018498017734594863
16.31639529751366	-0.3056711680459288	-0.027353370178710472	0.016653813282597667
16.642723203463937	-0.3410846968068927	-0.01671067716828246	0.03268270200838354
16.975577667533216	-0.3656618239629787	0.02246371758950739	0.07625739436722316
17.31508922088388	-0.3502744081966706	0.0966153754750505	0.14970988032612853
17.661391005301557	-0.28177771595968887	0.20259319754100724	0.24790647273389954
18.014618825407588	-0.1955606791822342	0.3211159057038243	0.35632508612006314
18.37491120191574	-0.14398724299301033	0.4098598254095374	0.43939671137538344
18.742409425954058	-0.1483611949464348	0.4176447151315879	0.44798165429318443
19.11725761447314	-0.2080685181069875	0.3250923850848004	0.3622084686646694
19.4996027667626	-0.30224286350539886	0.16833560632580663	0.21591968238546494
19.889594822097852	-0.36051091453794554	0.009430708901784657	0.062201690374022234
20.28738671853981	-0.33612149320084656	-0.10896672619298141	-0.06221914856354502
20.693134452910606	-0.28920111847445223	-0.17027406090864527	-0.1316462740667179
21.10699714196882	-0.28701786739144175	-0.16140566972640602	-0.1229115155177876
21.529137084808198	-0.30287011081078896	-0.07688053215514719	-0.034313652081806034
21.95971982650436	-0.2938796310293888	0.04053993170637307	0.08424195980870844
22.39891422303445	-0.2646060198586316	0.11073236031284635	0.1516276623820811
22.846892507495138	-0.2797625145491691	0.10953774461237006	0.15261848099688163
23.30383035764504	-0.35546019383624655	0.10930542304080104	0.1634205642886037
23.769906964797944	-0.3528478741557139	0.19627913185817444	0.2518252620862613
24.2453051040939	-0.23553534628018183	0.35644412870684594	0.3982189527207651
24.73021120617578	-0.13873964134062916	0.4514658554264111	0.4811042584433031
25.224815430299294	-0.18606595221014713	0.3733988546035733	0.40831261543846087
25.72931173890528	-0.3404950303272885	0.2024718633471842	0.2563455524229802
26.24389797368339	-0.38099356131451495	0.09667876425005344	0.154254466196963
26.768775933157055	-0.2898226051879066	0.08573910911404203	0.12979113714382096
27.3041514518202	-0.24690758342468055	0.0778101270553066	0.11543852728505807
27.850234480856603	-0.26765616595122455	0.012554062241605358	0.05184879607285907
28.407239170473737	-0.30541764686601464	-0.07904385749814888	-0.03615053102806651
28.97538395388321	-0.29125927666741513	-0.11842746306040516	-0.07841939069349887
29.554891632960874	-0.27864780561103	-0.04791625609573366	-0.00827837311278623
30.145989465620094	-0.2914208422848847	0.07297129832385388	0.11699040653881317
30.748909254932496	-0.2146079615850901	0.14184229809913412	0.17609434037402502
31.363887440031146	-0.1884137044763979	0.13756811300864263	0.16791111393246405
31.99116518883177	-0.38652796498708836	0.12312164631361276	0.18205534217243008
32.6309884926084	-0.4186344698000597	0.2496628207701675	0.31591498971538806
33.283608262460575	-0.16936813997357733	0.4716595979599179	0.5061853599968962
33.94928042770979	-0.1876995312196898	0.38641593510073335	0.42183911538487007
34.62826603626398	-0.4027539188393062	0.041660168326476676	0.10126303499734379
35.32083135698926	-0.25205417221814336	-0.05439016516751108	-0.018765393493355043
36.02724798412905	-0.2304998077639222	0.09888397319611991	0.1345586112699443
36.74779294381163	-0.3104896100889106	0.17846750712693255	0.2274653149967098
37.482748802687865	-0.18016266804057535	0.21093853873517943	0.2416068140480796
38.23240377874162	-0.3530964332339007	0.08854105044942284	0.14187888551372968
38.99705185431645	-0.4125928078187065	-0.08273974878914368	-0.024293709082022795
39.776992891402784	-0.20921648472045	-0.021180659701359128	0.008888813909928184
40.57253274923084	-0.25179914569765144	0.16607862665229176	0.20625930678845536
41.383983404215456	-0.22380926889849806	0.16307979323375402	0.1991161406404882
42.21166307229977	-0.3391760396345244	0.1225153511031623	0.17453092669784637
43.055896333745764	-0.19909198933999236	0.22443506976865943	0.2581450488342554
43.91701426042068	-0.3332063401791546	0.21908485470481873	0.27224171378729584
44.795354545629095	-0.3520720470150869	0.14022487163748645	0.19449006331963425
45.691261636541675	-0.2839264993149003	-0.009377654833740756	0.031832925173979315
46.60508686927251	-0.2803095579770448	0.04742926092689249	0.08929584773452182
47.53718860665796	-0.16997585094958692	0.17455981483139438	0.20298462257052985
48.48793237879112	-0.3752016544987794	0.15474469266537247	0.2126854483769731
49.457691026366945	-0.10972619299010279	0.253463141036834	0.2747453596194913
50.44684484689429	-0.4858331483105356	0.0373131099774711	0.10894113389728816
51.455781743832176	-0.2623438953637125	0.16421327613276443	0.20589287079273844
52.484897378708816	-0.24368854963587458	0.19447627865488837	0.23406578128209693
53.534595326283	-0.2799308578233448	-0.14106028640338197	-0.10317579227088132
54.60528723280866	-0.24858083254071747	-0.00958289535342488	0.026468832405566717
55.69739297746483	-0.24953669750975294	0.2086914607620516	0.24942996791476665
56.81134083701413	-0.3617305167954385	0.16937922732222183	0.22566032825743626
57.94756765375441	-0.3197937945448834	0.24063153017913114	0.29228128209565857
59.1065190068295	-0.23721576122863855	0.25152521171855285	0.2913592854751992
60.28864938696609	-0.24030860946892307	0.19060639648231448	0.22962236862324728
61.494422374705415	-0.24658620977527623	0.02253462994533512	0.05896459032809073
62.72431082219952	-0.32531758933709976	-0.1334136605807661	-0.08875096339787165
63.97879703864351	-0.32027443283213386	0.04559424893443113	0.093250817241918
65.2583729794164	-0.23129202286470502	0.21610266985213017	0.25433489547515237
66.56354043900471	-0.28844436138087115	0.17128370875039498	0.2169169220507386
67.89481124778482	-0.2009551365080155	0.24661803084350511	0.2810618638934971
69.25270747274051	-0.4280529046543113	0.06346502828424831	0.1272115983022572
70.63776162219531	-0.20124908354182725	0.22056555269524533	0.25450949305957943
72.05051685463923	-0.2755074737119533	0.10856312642472771	0.15100303147490268
73.49152719173202	-0.33444589250175494	-0.05262911628655581	-0.004952196886019708
74.96135773556665	-0.23285578511245886	0.20479171081952607	0.2430163401238331
76.46058489027799	-0.2501423111124613	0.1984186585618179	0.2390314676524231
77.98979658808355	-0.3457253589653847	0.13893202585078823	0.19224472457179825
79.54959251984522	-0.31824322387758647	-0.05334464096845501	-0.008045517506483135
81.14058437024212	-0.27753707338878403	0.08087301029902515	0.12303202121611923
82.76339605764697	-0.17542008553404892	0.4699145186248355	0.5052865002365684
84.41866397879991	-0.3423217448063084	0.10185001904093968	0.1538938155552126
86.10703725837591	-0.284017693157255	-0.09621424865962122	-0.056799465254597004
87.82917800354343	-0.3373747747699664	-0.07886966567823395	-0.03131229572591038
89.5857615636143	-0.1542363275627729	0.38313624083763176	0.41361104362465345
91.37747679488659	-0.40257240918976234	-0.032082184254040774	0.025957913247507045
93.20502633078432	-0.3477636872192873	0.18130796133201788	0.23580074824591432
95.06912685740001	-0.24343821919532324	0.1313323601272648	0.16956985792923415
96.97050939454802	-0.2998424358075918	0.09761207936483852	0.14337268624021313
98.90991958243897	-0.25525851339466565	-0.00805870204953281	0.028998608194490613
100.88811797408776	-0.3204869726076655	0.3189411516545637	0.37232344248598503
102.90588033356951	-0.4385185196234438	0.09188107894926108	0.15774588553912292
104.9639979402409	-0.39613110963876674	-0.05829126612878342	-0.0017365473508129219
107.06327789904573	-0.37450667943803717	0.18971052074359862	0.2482783806771373
109.20454345702665	-0.431586558531298	0.10621305359795519	0.17136553200039353
111.38863432616718	-0.38802556571578334	-0.07813008770522503	-0.023170736198865477
113.61640701269053	-0.24571144998976321	0.16619996769668222	0.20549538681387022
115.88873515294434	-0.3681179256467037	0.2985246738292646	0.3584278020241852
118.20650985600322	-0.3217307990789968	-0.035145189042920154	0.011041694384372802
120.57064005312328	-0.21838320997723268	0.10387943597797697	0.1378911423491979
122.98205285418575	-0.368884498213643	-0.02253281108953685	0.030793411335587433
125.44169391126948	-0.39396491688687607	0.22532899121335745	0.2874765622429718
127.95052778949487	-0.3609504281329552	-0.012495039120234863	0.03988325166748285
130.50953834528477	-0.2450712968290831	0.07083417801267305	0.10804945417551161
133.11972911219047	-0.18134412866172075	0.29757932823396693	0.33022491633534223
135.7821236944343	-0.23076839072505717	0.15513510738265135	0.1920208124338608
138.49776616832295	-0.2946278993278175	0.08757180174213285	0.1323627829304007
141.26772149168943	-0.18718800092701282	0.34451774348301567	0.37899344660743456
144.09307592152322	-0.3008626742666476	0.07360939328938357	0.11901872898013185
146.9749374399537	-0.31372343687805065	-0.0674544358365202	-0.02310840203839864
149.91443618875277	-0.3777768415319512	0.24560972102621914	0.3058190462710083
152.9127249125278	-0.2975594300865168	0.09473356242653108	0.14010126186470084
155.97097941077837	-0.2573120690473689	-0.06751724112285412	-0.03139917357683897
159.09039899899395	-0.506555915493124	0.15174320948860534	0.2287772640290318
162.27220697897383	-0.19118691585808267	-0.04783242414466832	-0.020947507751711836
165.51765111855332	-0.4147451147822764	-0.028433805093250702	0.031457486539721836
168.82800414092438	-0.2835516572454797	0.1718425687764138	0.21677390564088816
172.20456422374286	-0.3063042170133252	0.10341710265124845	0.15024099060425938
175.64865550821773	-0.2221847372670279	0.12042215740184223	0.1553328931991555
179.16162861838208	-0.19179485979302321	0.21486147066334083	0.24730783502197634
182.74486119074973	-0.22933841527832827	0.24509737229749212	0.28364875311511273
186.39975841456473	-0.29746862172450794	0.11889184252241522	0.16474959657645627
190.12775358285603	-0.32652480115614624	0.13214721719165057	0.18251848438508128
193.93030865451314	-0.2455393875430892	0.13636603467696218	0.17501482108276606
197.80891482760342	-0.1481631992583496	0.400080510304778	0.4300226541613035
201.7650931241555	-0.2795560212342198	0.24203204195059252	0.28784296258788694
205.8003949866386	-0.3598023130865687	-0.0376935504942189	0.01399233786227616
209.91640288637137	-0.10369118105191455	0.5098824841820017	0.5356266665058642
214.11473094409882	-0.2889452046548096	-0.18400007701930982	-0.14569556961171903
218.3970255629808	-0.3056002743712815	0.12514823531824598	0.17232219689985467
222.76496607424042	-0.24925475295557248	0.08516533436621866	0.12328926363820257
227.22026539572522	-0.3058869506645813	0.14474502002565295	0.19236905491477221
231.76467070363972	-0.2666570757711485	0.13662592718502237	0.1783597908846695
236.39996411771253	-0.35894384370972215	-0.09590147610926436	-0.045553446320539565
241.1279634000668	-0.16500634567785152	0.2837156568149614	0.31368982507662646
245.95052266806812	-0.3130258787424306	0.13961628084199995	0.18817456067614605
250.8695331214295	-0.22998081247208232	0.23535129032045676	0.2737933106876449
255.8869237838581	-0.2906221133243794	0.03458225179654011	0.07768510690210668
261.0046622595353	-0.3025195521968553	0.08211909139078685	0.1279473404901363
266.224755504726	-0.32362259868693716	0.04282569273340647	0.09091285697386413
271.5492506148205	-0.3689755421173626	-0.03868535561818466	0.01431763269855181
276.9802356271169	-0.2760989888803558	0.15073972904010507	0.1941445759401591
282.51984033965925	-0.24940697304284312	-0.00426166949369302	0.03202139596060304
288.17023714645245	-0.2366340310261228	-0.05065816027637689	-0.017204409090825157
293.9336418893815	-0.22553326002822	0.2418418403081634	0.2797704790686989
299.8123147271691	-0.2067105502749645	0.44721039063936835	0.4866725623594541
305.80856102171253	-0.1732881206271426	0.25939258142878324	0.2900677778000079
311.9247322421468	-0.2621439575568513	0.2968191364071399	0.3412321955593295
318.1632268869897	-0.2106256502306234	0.3968926404054599	0.43587747773920626
324.5264914247295	-0.21933990714998003	0.33910977517498847	0.3781616319505061
331.01702125322413	-0.249661869884219	0.21737525164284918	0.25831292541019046
337.6373616782886	-0.36370118371051985	0.03772087598562204	0.09154648352643997
344.3901089118544	-0.3872296054830489	0.15937404115515078	0.2191653178121611
351.27791109009144	-0.24867162057419112	0.3441786627774777	0.38761366291907806
358.3034693118933	-0.20798248870476202	0.37929125748597053	0.4175239382863727
365.46953869813115	-0.2596156254488804	0.20564362023529056	0.24778847436815418
372.7789294720938	-0.33533449453242203	-0.0691296869734395	-0.021666941666074618
380.2345080615357	-0.333848105576582	0.01521680072432064	0.06421999946932883
387.8391982227664	-0.18011474787320103	0.2558736019716286	0.28747103607754604
395.59598218722175	-0.26892520399770586	0.1444216926615176	0.18664873684163133
403.5079018309662	-0.27683175395685916	0.15439924040236247	0.19798718869612025
411.5780598675855	-0.36857767329267316	0.02381201656304164	0.07805901092995318
419.80962106493723	-0.22697748382431276	0.3169821922071185	0.3566868709358124
428.20581348623597	-0.25366069581773953	0.06364014875247774	0.10195816999157475
436.76992975596073	-0.27511670503455266	0.27646002285538984	0.32234079281574946
445.5053283510799	-0.537920570552612	-0.0333793913450005	0.04437195454090128
454.41543491810154	-0.24195581328462185	0.03292099183907293	0.06889206860639432
463.50374361646357	-0.2931257155596082	0.000811460742426078	0.04357586636033618
472.77381848879287	-0.1692099751351151	0.26004945300108345	0.2901436046458103
482.2292948585687	-0.25645040862528923	-0.013053873686665954	0.024073188536049853
491.8738807557401	-0.1776816401292355	0.33451612152261156	0.3673971132398461
501.7113583708549	-0.404234203667281	0.12056351514483919	0.1820260764118352
511.745585538272	-0.31304348001788435	-0.07022971247899615	-0.026040657319700428
521.9804972490375	-0.282459870481225	0.16691410697677092	0.2115835486506323
532.4201071940182	-0.3626596855154273	0.024448412118240642	0.07784562484170383
543.0685093378986	-0.14652060713112888	0.28886968061186025	0.31625538749789706
553.9298795246566	-0.4282484679279502	-0.003875769843625844	0.05849638652412467
565.0084771151497	-0.3039674921683688	-0.17383300172335087	-0.1331259299847003
576.3086466574528	-0.26617459394326304	0.1217804972837741	0.1631347192605786
587.8348195906018	-0.24532194572019567	-0.007663016167888004	0.02795345474614285
599.5915159824139	-0.10612250203724559	0.37148849440486015	0.39470403625205974
611.5833463020622	-0.24092763483582583	0.36818454692821806	0.41099033840278054
623.8150132281033	-0.2507873327584213	0.1652614058507329	0.20527750449989296
636.2913134926655	-0.4251787853904228	0.13483412868605976	0.19964841256978932
649.0171397625188	-0.2737580703629008	0.05195269989854821	0.09295809974102433
661.9974825577692	-0.39638772256081	0.06977467896173471	0.12903486098022232
675.2374322089246	-0.33408074173893537	0.2543201585857881	0.3083386033932534
688.742180853103	-0.308430781499592	0.24917601118817156	0.29934666705661567
702.5170244701651	-0.44727863252365413	0.12381031426546772	0.19161782972236457
716.5673649595684	-0.30080572075540896	0.04126665327276453	0.08599387615944429
730.8987122587598	-0.1626250623877452	0.22358764287066238	0.2519618736953474
745.516686503935	-0.3121826010336785	0.3225827975105522	0.3748299017761002
760.4270202340138	-0.3678197732433845	0.18901907721436007	0.24659735825431944
775.6355606386941	-0.31450782527325577	0.04238825154054757	0.08913706463332545
791.1482718514679	-0.25645617092096135	0.1611148992723094	0.20187131793312266
806.9712372884973	-0.24121564505500553	-0.07898181592226247	-0.04544998885012125
823.1106620342673	-0.30517866710032865	-0.04856821939768694	-0.0050748350163407965
839.5728752749526	-0.29112703918830035	0.17049425110543592	0.21650224121842626
856.3643327804517	-0.31577570919800535	-0.018516206393824286	0.027148663564346837
873.4916194360608	-0.26814942367411015	0.12816438808518482	0.16993960378943393
890.961451824782	-0.24863493491331054	0.21285756149067775	0.253551355363258
908.7806808612777	-0.2941901590187622	0.10341856699291536	0.14847585199550392
926.9562944785032	-0.23743291810202555	0.060731124215326865	0.09662198985969159
945.4954203680733	-0.44297336254506814	0.06348355832079566	0.12940641449030132
964.4053287754348	-0.3138629447969679	0.05023726034744996	0.0970555493875797
983.6934353509434	-0.29743517130473396	-0.12943926918716775	-0.08875995814662675
1003.3673040579624	-0.283503760598789	0.03092929243205536	0.07291795111171322
1023.4346501391217	-0.1611466805420535	0.049031002373653876	0.07355303916882114
1043.903343141904	-0.18532393149152776	0.2849341411125048	0.31789667572819647
1064.7814100047422	-0.17576681236778086	0.04558610344501782	0.07216847407042376
1086.077038204837	-0.28179892135167733	-0.026263016713577447	0.01428551313534257
1107.7985789689337	-0.18886838023927371	0.18112865853916854	0.21244547771029532
1129.9545505483125	-0.3528846009937074	0.16110511545401665	0.21592380967089098
1152.5536415592787	-0.3795779807089951	0.1359229102904239	0.19410975977486958
1175.6047143904643	-0.3009375068488332	-0.0837296399591929	-0.04158728770955457
1199.1168086782736	-0.2960142365163518	-0.0803951697848035	-0.038901326330018915
1223.0991448518391	-0.25736329509021866	0.30248519340094426	0.3463191154641208
1247.561127748876	-0.4041528713647642	0.04705062403385261	0.10696980577525265
1272.5123503038535	-0.3167714330488341	0.05709251845315884	0.10447777990722129
1297.9625973099305	-0.2700811232410138	0.3881600405319975	0.43563353851572867
1323.9218492561292	-0.2247644300398179	0.29656701025619364	0.33552363568400445
1350.400286241252	-0.3141471515201004	-0.009382774176436945	0.036234877624901955
1377.4082919660768	-0.24665180980484086	0.18505733622174414	0.2248827529895698
1404.9564578053985	-0.2901870881039776	0.3153064101307065	0.3641942440235929
1433.0555869615064	-0.4542358857216752	0.015135815739047693	0.08169387856802215
1461.7166987007367	-0.39811997106901936	0.08479522553859606	0.14462095518488216
1490.9510326747513	-0.22858331752094682	0.38157323480935906	0.42285774433969214
1520.7700533282464	-0.18983704849272304	0.346133821182941	0.38102951202944113
1551.1854543948114	-0.2853102302778035	0.1593459518824133	0.2042734011288099
1582.2091634827077	-0.2851344745589399	-0.0214339615579264	0.01970160844946217
1613.8533467523619	-0.2305029437534688	0.02983008126500225	0.06406655392207067
1646.1304136874091	-0.26220993556907113	-0.04751407858362913	-0.010265006283631889
1679.0530219611574	-0.2027148753371813	-0.11336576754415598	-0.08616496838132029
1712.6340824003805	-0.19384584260739454	0.17663104294290252	0.20858004171779135
1746.8867640483882	-0.1918944347788156	0.25146395357943613	0.28468739101758495
1781.8244993293558	-0.41657670613579756	0.173829988219336	0.2382022159520426
1817.4609893159432	-0.281227255822822	0.057502066380446595	0.09971233423753412
1853.810209102262	-0.3459732571437293	0.08162694681817814	0.13378194154368406
1890.8864132843073	-0.11273091538709484	0.3985293858778463	0.4232720065775861
1928.7041415499934	-0.2103517512862588	0.06854588652489611	0.1006502228900776
1967.2782243809934	-0.41461047374069077	0.24814793433793908	0.3137817103904969
2006.6237888686132	-0.2627234913629443	0.2539190019636398	0.297522823661645
2046.7562646459855	-0.2089847070780419	0.21578899301776128	0.2507615334878457
2087.691389938905	-0.2891394315246719	0.07786690006425283	0.12165529424627275
2129.4452177376834	-0.311200363711361	0.028941305858564803	0.07492763610519182
2172.034122092437	-0.2618397934134466	0.20882758382208982	0.2513631283578443
2215.474804534286	-0.20736213865257652	0.29258725487957427	0.32892313457639955
2259.784300624972	-0.31571023194304526	-0.05494706224007384	-0.010050717211714633
2304.979986637471	-0.22866651818305866	0.18259887666364516	0.21975022049583381
2351.0795863702206	-0.1963272896006026	0.3561956751604751	0.3922474814597396
2398.101178097625	-0.3402457678209861	-0.10350385377820644	-0.056041009591358645
2446.0632016595778	-0.23175611765903584	0.14425967306007476	0.1810628500741024
2494.9844656927694	-0.12935707268147317	0.318106205071491	0.34359799077652864
2544.8841550066245	-0.1823054468119985	0.007060061404030038	0.03379335701003042
2595.7818381067573	-0.41811638969456905	-0.14335106619590135	-0.08536223991119136
2647.697474868892	-0.24892170046338963	-0.09593749422316696	-0.06163511070190529
2700.6514243662705	-0.16994966235974207	0.31102977225352363	0.3422938849362678
2754.664452853596	-0.26877278657968523	0.09458439740332414	0.13575093705876415
2809.757741910668	-0.42319846096158886	0.08834974588229513	0.15190680781174135
2865.952896748881	-0.2633854215164198	0.23767955614262054	0.281041587533403
2923.271954683859	-0.30922551261543063	0.09738309792301807	0.14450729971949794
2981.737393777536	-0.2570797910934954	0.1503367862746452	0.19095960552316837
3041.3721416530866	-0.3185487516858414	-0.06698246840373827	-0.021922910207964358
3102.1995844861485	-0.2695004717891511	0.3368184303173775	0.38313763308490745
3164.2435761758716	-0.4485071523565675	0.08190503310814654	0.14901868101656573
3227.528447699389	-0.15644439461427123	0.2566766314451525	0.2848388688148411
3292.079016653377	-0.21859302411097406	0.23450897150258943	0.2712727244250771
3357.9205969864443	-0.26716172059890836	0.15185600692724693	0.1939807579922387
3425.0790089261736	-0.31993871227758847	0.0727240072846716	0.12089681964358394
3493.580589104697	-0.3168674943769001	0.0026074323912644998	0.04887159682938045
3563.452200886791	-0.212377926221528	0.23755095250596098	0.2734717115904747
3634.721244904527	-0.3760751445029916	0.07338622669530673	0.12975939832481193
3707.4156698026172	-0.4190398394029978	-0.010417107943750286	0.0504758455536921
3781.56398319867	-0.37091337728026486	0.03719473144750292	0.09206115587269784
3857.195262862643	-0.2731023935436754	-0.02200143010934824	0.017367639155159598
3934.3391681198964	-0.2964332685372996	0.10625546855484663	0.1516989758114288
4013.025951482294	-0.5119049356026394	0.07196180578893781	0.14811381318492556
4093.28647051194	-0.23931121836386893	0.2223617700690812	0.26189385962358463
4175.152199922179	-0.3370657078836662	0.14265276443184874	0.19478011275721357
4258.6552439206225	-0.26505539679722634	-0.042678789785754956	-0.004914019206696013
4343.828348799036	-0.18771182669172382	0.20119199921619457	0.23275814059240837
4430.704915775016	-0.29493303362439555	-0.0005579709587576892	0.042441472049825936
4519.319014090516	-0.16703452238085378	0.31250908789811127	0.34337889507652974
4609.705394372327	-0.13443386298789195	0.3590887888997287	0.3861747436875406
4701.899502259774	-0.33387731382108216	0.2654674203459038	0.319688433202018
4795.937492304969	-0.37044806084244886	0.1774956696893559	0.23521717168074133
4891.856242151069	-0.28288610588321167	0.170525808733418	0.21533265352333258
4989.69336699409	-0.3041757223767626	-0.2444070862389829	-0.2051399410223507
5089.487234333972	-0.2604859981107828	0.04127167125604698	0.0801190391317038
5191.276979020651	-0.2951728417881029	-0.13471662233991302	-0.09447717921122958
5295.102518601065	-0.21651880037256457	0.02513576220243019	0.057235082302646526
5401.004568973086	-0.24071045173763436	-0.05738938157795069	-0.023481386149086264
5509.0246603525475	-0.26346270358935914	0.023139661273770873	0.06204338182375597
5619.205153559598	-0.3051392760193412	0.05315050639062002	0.09875728635991188
5731.589256630791	-0.4987350316690036	0.03926904002397615	0.11281933714287205
5846.221041763407	-0.3610940431868343	0.20094733552104357	0.2577932863091453
5963.145462598675	-0.31942682809562817	-0.10064752836678575	-0.05616127277714807
6082.408371850649	-0.38327880921576646	0.37408392185004424	0.4377721632325528
6204.0565392876615	-0.33579241387827047	0.02181877804182486	0.0712430629416107
6328.137670073415	-0.2278076706888671	-0.2552069756794757	-0.2273018356973383
6454.700423474884	-0.28500425779125654	-0.2919850940251681	-0.25650499588946757
6583.794431944381	-0.1943550024964408	0.31628825846519804	0.3512210350472873
6715.470320583269	-0.28212909655866797	0.21157462153865775	0.25712625273551887
6849.779726994934	-0.29905540506678424	-0.15376326625852427	-0.11335442106667086
6986.775321534833	-0.22099995388758498	0.36090637427212413	0.4006544170113995
7126.51082796553	-0.4949502463481678	0.03500393920285278	0.1079134321953534
7269.041044524841	-0.2691601865133138	0.08471395974449661	0.12573136110569857
7414.421865415337	-0.1488303057794927	0.2826233383304574	0.31021574413851793
7562.710302723644	-0.29869283386910495	0.013803071981123655	0.057650007586641516
7713.964508778117	-0.20607739522979726	0.37614956921761744	0.4140389720473299
7868.24379895368	-0.29523532829197197	-0.19767220644247702	-0.15873522536744927
8025.608674932754	-0.23172672113623888	0.23671587044304038	0.27544093124297186
8186.120848431409	-0.28609850482389615	-0.02901978078151217	0.012098339072357842
8349.843265400037	-0.1423885388939441	0.506672396433209	0.5379930666142677
8516.840130708038	-0.24503997920446385	0.23089332254647876	0.27143859706684803
8687.1769333222	-0.3653528603975431	0.011103541025237511	0.06461549027123836
8860.920471988644	-0.2685410533410539	-0.022902502769950775	0.015782598701245657
9038.138881428416	-0.31547616121766875	0.22605137050658658	0.27676771423638385
9218.901659056984	-0.38673573508277137	0.060287782412109456	0.11794273924526591
9403.279692238124	-0.4113111643689197	0.07351073227449938	0.1350250840006856
9591.345286082887	-0.279076817329108	0.060760387474215916	0.10272493140709035
9783.172191804546	-0.3314437126339445	0.08714175637558466	0.13729275105919292
9978.835635640637	-0.24939701555793228	0.30795037506254097	0.35073640597854233
10178.41234835345	-0.4459505527815558	0.10617390843999536	0.17342032047980546
10381.980595320518	-0.3058866107519957	0.32478614564389363	0.3761609877461408
10589.62020722693	-0.16249839560919616	0.16452659598303643	0.19165191609235743
10801.412611371468	-0.31661460588886614	0.052757452224242975	0.10002952917104102
11017.440863598897	-0.3472312181769206	0.25321927266813177	0.3091325601661855
11237.789680870876	-0.2837347249914513	-0.10539375007656773	-0.0662114724752429
11462.545474488294	-0.2985222091935829	0.28604348812799507	0.33553721630472577
11691.796383978059	-0.2572387352113349	0.09900835520003932	0.1385850114850265
11925.63231165762	-0.37239687836466234	-0.05073989050962435	0.002510906532938449
12164.144957890774	-0.2930302324450409	0.36051024674410126	0.41075445244950515
12407.42785704859	-0.18351686953921795	0.44755274274369405	0.4836396350253236
12655.576414189562	-0.3383690005464197	-0.026634055160662154	0.02215654793651027
12908.687942473352	-0.46998898757852015	0.0459595317547582	0.11545708268818318
13166.86170132282	-0.16656167530354254	0.3339975534310343	0.3652460801092807
13430.198935349275	-0.28956271553738283	0.03837397382309515	0.08140132762694462
13698.802914056261	-0.3007617674974775	-0.1649307068412339	-0.12450567214037746
13972.778972337388	-0.29560537477703097	0.17162563155019878	0.2183102826958116
14252.234551784135	-0.27031819207397556	0.19671538700127733	0.24023502724125873
14537.279242819819	-0.21167288970866385	0.02032737349860292	0.05161982352900393
14828.024827676216	-0.3209782426397707	-0.12529260996801672	-0.0810935456240505
15124.58532422974	-0.25176741517908113	0.30863878557946706	0.351784841659322
15427.077030714334	-0.4073402927829901	0.006174847763797994	0.06570728312306316
15735.618571328621	-0.3395798477186302	0.12052667472070584	0.17255970823635414
16050.330942755194	-0.3456329684547594	-0.055711022571403784	-0.006466860975322287
16371.337561610299	-0.4014718502950128	-0.025728993467884057	0.032282964002891074
16698.764312842504	-0.12298478518641005	0.514008302029096	0.5426520894943869
17032.739599099354	-0.2050695953560373	0.19642036502274157	0.2304184386168041
17373.394391081343	-0.3288142747461741	0.0739350133252964	0.1234274078367238
17720.86227890297	-0.3400081128600656	-0.15374871832000403	-0.1073673001595778
18075.27952448103	-0.411557403362718	0.1497248474504783	0.212862903096093
18436.78511497065	-0.2373327472765035	0.2321714805381588	0.27161941202719386
18805.520817270062	-0.35061889813090713	0.05027372795815697	0.10245301993470925
19181.631233615466	-0.4267241414531404	0.07328599983329016	0.13704339545840008
19565.263858287773	-0.3628478709418753	0.20822438272583615	0.26547770521164793
19956.56913545353	-0.3031296639402349	-0.019108069948091624	0.02470025458594071
20355.7005181626	-0.1763364920287811	0.39640480367078407	0.43037897550145593
20762.814528525854	-0.3152725883062852	0.30343128362078564	0.3557300211575519
21178.07081909637	-0.23935939493005923	0.03220373231464137	0.06778122183183007
21601.6322354783	-0.2533242529582286	0.18002099823663315	0.2207145559229713
22033.664880187865	-0.3631264086705397	0.05900024694936399	0.1131853533585961
22474.338177791622	-0.27278667754511043	-0.1818518727380002	-0.14585906294471324
22923.824941347455	-0.30130719011235485	0.14082447602011705	0.18769895116192126
23382.301440174408	-0.2730890950943219	0.08680913005907738	0.12844314663656342
23849.947468977894	-0.4482635183017776	0.04854900965203403	0.11493221043879395
24326.946418357453	-0.26738900937791377	0.06457164744968705	0.10491112063916794
24813.485346724603	-0.3542802638717825	0.25438601978976894	0.31135160035002407
25309.755053659093	-0.2642723303976508	0.15565974383804457	0.19744237001766124
25815.950154732276	-0.34149453035823213	0.2774823668616126	0.33306453518180507
26332.269157826922	-0.39033507367463305	-0.03341217926556795	0.0228155985772834
26858.914540983464	-0.24292935764273532	-0.061246172971899826	-0.02709493691924883
27396.092831803133	-0.2987242902651996	0.004080099122051108	0.04772906018410213
27944.014688439194	-0.313928205654375	-0.22208352751326968	-0.1809290710118665
28502.894982207978	-0.29304087048875765	0.06798313572384819	0.11213457799770549
29072.95288185214	-0.21140838948369603	0.07437994767590306	0.10675992005219007
29654.411939489182	-0.3953405225516452	0.13266029466071871	0.19307787700493195
30247.500178278966	-0.34274610158862234	-0.10893350145502613	-0.061219142920331746
30852.450181844546	-0.4072092941135134	0.11045252688303636	0.172138309917987
31469.49918548144	-0.466296980118993	0.06881524949774595	0.1382505434629688
32098.88916919107	-0.2662927231022248	0.2202347361786156	0.26365731530141123
32740.86695257489	-0.3205599169485525	0.1283457814930654	0.17776797316250148
33395.684291626385	-0.2434748927984755	0.20107291743733777	0.2407686917503933
34063.597977458914	-0.33995009677117777	0.08234054916713025	0.13363203305390892
34744.869937008094	-0.33681212118590237	0.05082448034078746	0.10100175802083125
35439.767335748256	-0.27254119813512245	0.06733799654329231	0.10848646286598293
36148.56268246322	-0.14933707643175548	0.15067071816280886	0.17558801510416505
36871.533936112486	-0.2934340473405735	0.013510346545884414	0.0565842773360906
37608.96461483474	-0.2508263066882577	0.239725702384866	0.2812988242432549
38361.14390713144	-0.16040554240236837	0.3477050304070814	0.37834136014090763
39128.36678527406	-0.2855720450359491	0.09956553326406231	0.14328573844147283
39910.934120979546	-0.33279329259550294	0.06509875626174799	0.11498733552071194
40709.152803399134	-0.2627537389317697	0.12833326403041675	0.16932512729193355
41523.33585946712	-0.32852116907596196	0.13430453822337501	0.18501188659327314
42353.80257665646	-0.12681164971186074	0.5446223483503728	0.5744620128573186
43200.878628189595	-0.35542373117788467	0.1794431128932183	0.23501413854193515
44064.896200753385	-0.2534734855146736	0.13044069246142198	0.17012309019192484
44946.19412476845	-0.25380586331053107	0.30741643656599177	0.35083430072723565
45845.11800726382	-0.40655521463084243	0.06363079867950057	0.1242457424523214
46762.0203674091	-0.47831128434910125	0.017966818634311328	0.08809485632343678
47697.260774757284	-0.3511213740777378	0.1310840325503415	0.18502015028147709
48651.205990252434	-0.21392536661707257	0.3492867071107427	0.3877609628072063
49624.230110057484	-0.32604567452723	0.08542713904029359	0.1347551986388541
50616.71471225863	-0.3942951107118068	-0.04873607220658151	0.007749963267919845
51629.0490065038	-0.3378253449570574	-0.019487226974605226	0.02937298526966138
52661.62998663388	-0.3238609626988984	0.12120498641285044	0.1709598140233742
53714.86258636656	-0.14229525386594452	0.501339511248631	0.5325354755884276
54789.159838093896	-0.30800110839651956	-0.21177068875919208	-0.17126574980051612
55884.94303485577	-0.3790502302950367	-0.17636568154038532	-0.12476180798778375
57002.641895552886	-0.3506870125560109	0.31805656626859924	0.37582460073027996
58142.69473346395	-0.25075046321057387	0.1523212861233249	0.1920624221357695
59305.54862813323	-0.23903877938802615	0.14737044896984974	0.18530048865080873
60491.65960069589	-0.09378920790575354	0.4992326065687207	0.5233108786918248
61701.49279270981	-0.23648780256774166	0.10534060509919382	0.14202300557988934
62935.52264856401	-0.37826328753877736	0.011004365795893858	0.06639701951604668
64194.23310153529	-0.2519573821012245	0.11738178801874008	0.15657102682555907
65478.117763566	-0.3986120841658276	0.2006958373020136	0.2630079295199887
66787.68011883732	-0.41700569655032377	0.08615857234220248	0.1487668733462539
68123.43372121407	-0.294381434968894	0.04441598475892776	0.08827194370770247
69485.90239563835	-0.21561055580693472	0.27895629042921716	0.3162110858683372
70875.62044355112	-0.25470284971786805	-0.11911802339499217	-0.08445548329853209
72293.13285242215	-0.3250678477929291	0.2864013814089856	0.33977380465814166
73738.99550947058	-0.30412426880997406	0.08821000198456268	0.13439916622736225
75213.77541966	-0.2558237939541865	0.26509077955118965	0.30792114074349164
76718.0509280532	-0.2612254267018691	0.09506589842704027	0.1351418127049595
78252.41194661426	-0.1627515449068763	0.10524919320023218	0.13117648502415646
79817.46018554654	-0.30679142384180513	0.22561871488961444	0.275059520760078
81413.80938925748	-0.3078109164500123	0.3698120328439558	0.422405542177165
83042.08557704263	-0.23681133897410003	0.09837421381083454	0.13495866353228317
84702.9272885835	-0.2333382424006323	-0.09819582629034555	-0.06621307898796884
86396.98583435516	-0.28348419380145967	0.08170773215941053	0.12475142150877781
88124.92555104227	-0.3402371804597103	-0.043828002181160536	0.004876836590439693
89887.42406206312	-0.37767171693666735	0.07723963331215886	0.1339259177260928
91685.17254330438	-0.3473218398474196	-0.01639686033373644	0.033912640053726045
93518.87599417046	-0.3170353928446405	0.23944030187231746	0.29066296961783417
95389.25351405388	-0.41637574174288433	-0.02551157328848725	0.034678397938839894
97297.03858433495	-0.15711587281263176	0.2791112518555234	0.30783880105435557
99242.97935602165	-0.24122799193213004	-0.18471798494114258	-0.15338719413731414
101227.8389431421	-0.2838712552196426	0.3629894104535633	0.41194958122421044
