1.0	-0.593378175263473	0.15032717863205972	0.2399933120794841
1.02	-0.6068366748644688	0.12527756385126265	0.2163845281825657
1.0404	-0.6196839032499848	0.09977941132544772	0.19222871828535062
1.061208	-0.6318329258235235	0.07384219723069954	0.16752287802226967
1.08243216	-0.6431930240163172	0.04747658794641746	0.14226466619768083
1.1040808032	-0.6536701011145243	0.02069448496574781	0.11645250981506895
1.126162419264	-0.6631671962277383	-0.006490925148086027	0.09008573002787401
1.14868566764928	-0.6715851170560276	-0.03406511402562257	0.06316469233618097
1.1716593810022657	-0.678823201720578	-0.06201214593899713	0.035690984604858075
1.195092568622311	-0.6847802191742919	-0.09031460108251237	0.0076676266911861425
1.2189944199947573	-0.6893554165404895	-0.11895348501480307	-0.02090068437379012
1.2433743083946525	-0.6924497200770914	-0.1479081212774566	-0.05000728962616107
1.2682417945625455	-0.6939670942691278	-0.17715602391050336	-0.07964323982772445
1.2936066304537965	-0.6938160607590272	-0.2066727463273064	-0.10979691968176725
1.3194787630628724	-0.6919113753865267	-0.23643170281067413	-0.14045362104202808
1.3458683383241299	-0.6881758574981043	-0.2664039587729759	-0.17159506202893943
1.3727857050906125	-0.6825423608900875	-0.29655798591400073	-0.20319884965740467
1.4002414191924248	-0.6749558702876175	-0.3268593785434603	-0.23523788451283822
1.4282462475762734	-0.6653757011842873	-0.35727052764602885	-0.2676797072159458
1.4568111725277988	-0.6537777742651323	-0.387750249794105	-0.300485787917817
1.485947395978355	-0.640156928644391	-0.41825336879735564	-0.3336107618866603
1.5156663438979219	-0.6245292309541827	-0.44873024905918163	-0.3670016164004296
1.5459796707758804	-0.6069342301572139	-0.47912628102750204	-0.4005968366509813
1.5768992641913981	-0.5874371011123085	-0.5093813209154902	-0.4343255211890175
1.6084372494752261	-0.5661306137271073	-0.5394290890544446	-0.4681064805745421
1.6406059944647307	-0.5431368593532686	-0.5691965338419332	-0.5018473363079549
1.6734181143540252	-0.5186086622997053	-0.5986031712639858	-0.5354436407466119
1.7068864766411058	-0.4927306023377955	-0.6275604133798066	-0.5687780424842909
1.741024206173928	-0.4657195741943416	-0.6559709029140773	-0.6017195254881125
1.7758446902974065	-0.4378248125492496	-0.6837278751259936	-0.6341227540276864
1.8113615841033548	-0.4093273161425039	-0.7107145722980236	-0.6658275589501175
1.847588815785422	-0.3805386122652376	-0.7368037403498218	-0.696658603985096
1.8845405921011302	-0.35179881298793764	-0.7618572410245372	-0.7264252733184742
1.922231403943153	-0.3234739265662807	-0.7857258165558885	-0.7549218234432202
1.960676032022016	-0.295952400918531	-0.8082490463936918	-0.7819278430596082
1.9998895526624565	-0.26964089000032265	-0.8292555370836482	-0.8072090643145107
2.0398873437157055	-0.24495924720979295	-0.8485633863641957	-0.830518566695355
2.08068509059002	-0.22233476138470473	-0.865980960531629	-0.8515984111741017
2.12229879240182	-0.2021956592083227	-0.8813080196997416	-0.8701817364756057
2.1647447682498564	-0.1849639017445406	-0.894337218328168	-0.8859953413722592
2.2080396636148536	-0.1710473015253453	-0.9048559979596008	-0.8987627664446463
2.252200456887151	-0.16083097985413122	-0.9126488752425225	-0.9082078755813475
2.297244466024894	-0.15466817239668748	-0.9175001109421784	-0.9140589214456236
2.343189355345392	-0.15287037655540275	-0.9191967249144024	-0.9160530601024562
2.3900531424522997	-0.1556968199480882	-0.91753179840762	-0.9139412579653491
2.437854205301346	-0.16334322073977536	-0.912307979444128	-0.9074935093246634
2.4866112894073726	-0.1759298147758855	-0.903341080778675	-0.8965042553067472
2.53634351519552	-0.19348865054555392	-0.8904636349745498	-0.8807978658319597
2.587070385499431	-0.21595021165824366	-0.8735282500325233	-0.8602340160413736
2.6388117932094195	-0.24312952922874084	-0.8524105949509204	-0.8347127593332068
2.691588029073608	-0.27471210421514003	-0.8270118413645947	-0.8041790728616492
2.74541978965508	-0.31024018048778007	-0.7972603992176635	-0.7686266312135634
2.8003281854481816	-0.3491001956884015	-0.7631128156290511	-0.7281005540834309
2.856334749157145	-0.3905125818276358	-0.7245537607679188	-0.6826988792673867
2.9134614441402884	-0.43352547048959833	-0.6815951057768349	-0.6325725393674525
2.971730673023094	-0.47701424010838633	-0.63427420687631	-0.5779236761704266
3.031165286483556	-0.5196891658660354	-0.5826516452401505	-0.5190022178271902
3.091788592213227	-0.5601136158210627	-0.526808828561967	-0.4561007768497694
3.153624364057492	-0.5967351819232136	-0.46684602686072474	-0.3895481050565213
3.2166968513386416	-0.6279317361846211	-0.402881575428777	-0.31970156338995254
3.2810307883654146	-0.6520735651730173	-0.3350531089601982	-0.2469393204758039
3.346651404132723	-0.6676014001270508	-0.26352176393649696	-0.17165326316664578
3.4135844322153774	-0.6731183310652035	-0.1884802681468286	-0.09424385045287867
3.481856120859685	-0.6674913734457292	-0.11016569252077649	-0.015118319154123767
3.551493243276879	-0.6499560665715131	-0.02887734068041438	0.06530630776375602
3.6225231081424165	-0.6202152684695816	0.05500022477380102	0.14659412277506925
3.694973570305265	-0.5785217143980984	0.14096967637030874	0.2282742946444129
3.76887304171137	-0.5257334025581605	0.2283904074506632	0.3098179954789504
3.8442505025455977	-0.4633318746551243	0.31644739942510647	0.3906092853003353
3.9211355125965097	-0.3933961986132901	0.4041227961096453	0.4699122999930343
3.99955822284844	-0.3185298583718827	0.4901743408696968	0.5468385773170484
4.079549387305409	-0.24174334693174332	0.5731254080863328	0.6203197588490106
4.1611403750515175	-0.16630118866396504	0.6512715191305221	0.6890919324592362
4.244363182552547	-0.09554724068715478	0.7227078184267222	0.7516982039108222
4.329250446203599	-0.032725216359186696	0.7853808732222615	0.80651540213344
4.41583545512767	0.019188577969444717	0.837166288078136	0.8518089181258864
4.504152164230224	0.05762679291100708	0.8759710184323041	0.8858165073501219
4.594235207514829	0.08054012120960988	0.8998560690988706	0.9068576361953623
4.686119911665125	0.08647598635130833	0.9071717497319709	0.9134600798418212
4.779842309898428	0.07463775069318365	0.8966942472428769	0.9044907054176808
4.875439156096396	0.04494158151931299	0.8677495107707224	0.8792736449402127
4.972947939218325	-0.001911102575535631	0.8203089644577094	0.8376774370095106
5.072406898002691	-0.0643346491105299	0.7550420206913219	0.7801541991176768
5.173855035962745	-0.13973836895033717	0.6733133173373064	0.7077191902537578
5.277332136682	-0.22441163125300756	0.5771183460183483	0.6218683411181275
5.38287877941564	-0.31346835062360284	0.4689595279870868	0.5244436526194266
5.490536355003953	-0.40092490714818363	0.3516750488099072	0.417469827952557
5.600347082104032	-0.4799903325157438	0.22824333962226287	0.3029969993562726
5.712354023746113	-0.5436262588668739	0.10159470133364444	0.18299008702951447
5.8266011042210355	-0.5853808456313392	-0.025534567889361478	0.05930150193418043
5.943133126305456	-0.6004195892959262	-0.15067374174851858	-0.06625158792929016
6.061995788831565	-0.5865839492801711	-0.2715957854700092	-0.19171053839727595
6.1832357046081965	-0.5452361411530602	-0.38620419741246753	-0.3147365142737394
6.30690041870036	-0.48163022391526034	-0.49235729062135786	-0.4323769931883273
6.433038427074368	-0.404611069895351	-0.587683797424552	-0.5409214288444913
6.561699195615856	-0.3255832579075345	-0.6694587744724236	-0.6359249404957502
6.692933179528173	-0.2568758657795106	-0.7346055909952562	-0.7124488103814787
6.826791843118737	-0.2097943777592513	-0.7798640341498926	-0.7655161881047912
6.963327679981111	-0.19273489666709068	-0.8021190744599795	-0.7907227160806115
7.102594233580733	-0.20970778404110468	-0.798830660237961	-0.7848905804869242
7.244646118252348	-0.2594965181977097	-0.7684595207798361	-0.7466258518922501
7.389539040617396	-0.33552251112726483	-0.7107665628854607	-0.6766438334061818
7.5373298214297435	-0.42637089410634543	-0.6268887064893713	-0.5777697991507245
7.688076417858339	-0.5169133380063349	-0.5191654276767965	-0.45459817896080557
7.841837946215505	-0.5900525766768423	-0.39079413917140676	-0.3128863496387716
7.998674705139815	-0.6292278574290882	-0.24549409703908673	-0.1588461615189923
8.158648199242611	-0.6217608693147636	-0.0874053112606158	0.001447204863191106
8.321821163227465	-0.5626711675879886	0.07861180890719816	0.1623057668660131
8.488257586492013	-0.45779839300543235	0.24629837452675313	0.3181918563093527
8.658022738221854	-0.32448791320089976	0.4072295302023182	0.4630346327566644
8.831183192986291	-0.1885305566256586	0.5504676726876441	0.5894297887098785
9.007806856846017	-0.07773229336597622	0.6631678987546982	0.688319856094626
9.187962993982937	-0.014470573724270352	0.7323955648527475	0.7497640977886358
9.371722253862597	-0.010277832587933647	0.7479002466780004	0.7649803524028658
9.55915669893985	-0.06416760342551017	0.7050344439120538	0.7290804369931085
9.750339832918646	-0.16411523650732548	0.6066911059014506	0.6432639759317158
9.945346629577019	-0.28971618623822315	0.4632940096747477	0.5151962453693791
10.14425356216856	-0.41467265139794657	0.29056380469094384	0.3570903122842056
10.347138633411932	-0.5098655571030938	0.10578682166891638	0.18234610753121996
10.55408140608017	-0.5493490511843223	-0.07584414877949874	0.002689168085308725
10.765163034201773	-0.5202567116147235	-0.2431322422946832	-0.17232672689867518
10.98046629488581	-0.4329538737072125	-0.3882372647160956	-0.33318643448204577
11.200075620783526	-0.32355165071784886	-0.5042801541760076	-0.46760137499165483
11.424077133199196	-0.24261191494568082	-0.5832275258603901	-0.5599971950529031
11.65255867586318	-0.23237378691741284	-0.6159819380498918	-0.594927051167142
11.885609849380444	-0.30390995759932504	-0.5949765472382416	-0.56305168982247
12.123322046368054	-0.42795587785190625	-0.5175946998741942	-0.4659676906015036
12.365788487295415	-0.5466664890158796	-0.3880902111341734	-0.3164532275513195
12.613104257041323	-0.6011674517901864	-0.21707638263215165	-0.13392855388425254
12.86536634218215	-0.5592300000131221	-0.020003826785444122	0.06113380182510601
13.122673669025794	-0.4295274802535273	0.18296812311793656	0.24941938321986631
13.38512714240631	-0.26087956048033023	0.3654882685676371	0.4111475433995111
13.652829685254435	-0.1270983333927623	0.4957173729822971	0.5245799918725395
13.925886278959524	-0.09340638036019044	0.543892003595275	0.5688448508060376
14.204404004538715	-0.17583986707115654	0.4957519821882573	0.531723462431723
14.48849208462949	-0.326597804630348	0.3629060999727296	0.41809549023075376
14.77826192632208	-0.4624032039779239	0.18018635731881175	0.25137404034306754
15.073827164848522	-0.5120487394591106	-0.010321459989658856	0.0641372840983435
15.375303708145493	-0.45083134812371795	-0.1764599783602227	-0.11438998964135183
15.682809782308402	-0.31714857306779126	-0.3009992551075888	-0.261019239349944
15.996465977954571	-0.20669417256395897	-0.3744764684971186	-0.3521351614252314
16.31639529751366	-0.21941106578870126	-0.38846829789928505	-0.36456394034466794
16.642723203463937	-0.3706056559727539	-0.33770650730065255	-0.2906954013733896
16.975577667533216	-0.5463870975465164	-0.22586372399884966	-0.15088776652329203
17.31508922088388	-0.5891211857630365	-0.0672828762577813	0.017228903410624358
17.661391005301557	-0.45528143316125236	0.1124207415788568	0.1811580493644323
18.014618825407588	-0.24997464695520388	0.27115153629974625	0.3132551626536249
18.37491120191574	-0.12725448113634605	0.35165461125485864	0.377538694155052
18.742409425954058	-0.19614515779725544	0.3102222106597692	0.34528967556061413
19.11725761447314	-0.4154023295917687	0.15969070520178352	0.223597101292287
19.4996027667626	-0.5727688396448861	-0.027343482935398032	0.055615650284993656
19.889594822097852	-0.5079312653572954	-0.17414387330133552	-0.10369856113050772
20.28738671853981	-0.3002326992368763	-0.25073854227715914	-0.21217832660255537
20.693134452910606	-0.16472300163867093	-0.2619762166291322	-0.24341195006993302
21.10699714196882	-0.25515834025574774	-0.21267765531179855	-0.17989784851016455
21.529137084808198	-0.4886261890079615	-0.10623100154158863	-0.03718616151004392
21.95971982650436	-0.561022115052582	0.041777851560357654	0.1244639485797
22.39891422303445	-0.3592685723161062	0.19532493967267459	0.25178754271195414
22.846892507495138	-0.15168887097763156	0.28613063709801656	0.31421298572179657
23.30383035764504	-0.18828063760731084	0.23630271825568308	0.2686832845370759
23.769906964797944	-0.4446572412905907	0.04892880883098025	0.11479400670317014
24.2453051040939	-0.5901550721223752	-0.15329963230075339	-0.07042909328917263
24.73021120617578	-0.4120955623870646	-0.25403177210481015	-0.1992268311755468
25.224815430299294	-0.19835063012388135	-0.24278580910292158	-0.21891771323283327
25.72931173890528	-0.24832585771536744	-0.14850985904261935	-0.11538962685584958
26.24389797368339	-0.4788458557189044	-0.0033133616009761307	0.06644929732467714
26.768775933157055	-0.45721469301774553	0.14113403487936377	0.21075147000443842
27.3041514518202	-0.2097320504848515	0.23272935647389875	0.26816380876281254
27.850234480856603	-0.1868113306150414	0.19564593230076457	0.22696520827172403
28.407239170473737	-0.40311044237642524	-0.0015459844256266522	0.05720874707873482
28.97538395388321	-0.5199012595428273	-0.2084033068205984	-0.13692610869603183
29.554891632960874	-0.3279178881034452	-0.2712661559055764	-0.22909617547185707
30.145989465620094	-0.25839805472916333	-0.20596921798921003	-0.17257719371598224
30.748909254932496	-0.4340978831409383	-0.048197146601437285	0.014104687469086292
31.363887440031146	-0.4304500303389205	0.13217375283166666	0.19770133544008556
31.99116518883177	-0.18943383656034501	0.23209286828207065	0.26455390420299746
32.6309884926084	-0.28043962672261624	0.17514577102246123	0.21969208681581068
33.283608262460575	-0.46228190812226044	-0.021179474390293395	0.04579539816107179
33.94928042770979	-0.359124147003699	-0.16039169010844168	-0.11136091221432806
34.62826603626398	-0.2817956659277855	-0.18435519451080434	-0.14710072644864403
35.32083135698926	-0.45931115803542405	-0.11054929006233483	-0.04586952305846749
36.02724798412905	-0.4292855814437855	0.03069692706185187	0.09394059366952581
36.74779294381163	-0.18914208880826544	0.10856721082700863	0.13841224900377666
37.482748802687865	-0.3584550658649828	0.0636347345956529	0.11723515533837232
38.23240377874162	-0.4057976794625421	-0.044938958975514455	0.013303640967449754
38.99705185431645	-0.23789027488148817	-0.053740486606977944	-0.02016774832440621
39.776992891402784	-0.3984513377761799	-0.037290609462397824	0.020039989599495097
40.57253274923084	-0.44585736954578936	0.008482028302165462	0.07367960361722148
41.383983404215456	-0.24237561787034378	-0.013323415874922695	0.0217454572337748
42.21166307229977	-0.40374489254271106	-0.07934122338901525	-0.02211470204714097
43.055896333745764	-0.3601852242637266	-0.050210415596460604	0.0012705459504066333
43.91701426042068	-0.23994861468670547	0.06499791915924935	0.10134454878354493
44.795354545629095	-0.4152034974416316	0.09372579760177321	0.15622892842871478
45.691261636541675	-0.3378779320893207	-0.02455946743375212	0.024202742091070706
46.60508686927251	-0.36221369213946264	-0.18169136585121803	-0.13265377253611332
47.53718860665796	-0.39292062126997235	-0.13605209048874767	-0.08158558510539232
48.48793237879112	-0.3018305069017222	0.12351421292106718	0.17010437461342387
49.457691026366945	-0.31350762183707137	0.22563500368586636	0.27605559444722816
50.44684484689429	-0.346000663808442	-0.04711826053237697	0.0023585391785962972
51.455781743832176	-0.3860710323012429	-0.310505197169633	-0.26067202990006894
52.484897378708816	-0.33892473618005653	-0.12387729510037238	-0.0770315480553719
53.534595326283	-0.3307847922265948	0.23535297487594956	0.2884956107189102
54.60528723280866	-0.2317899146017084	0.20672173699296145	0.24483113572639725
55.69739297746483	-0.49928508616101347	-0.25611325607432095	-0.1886365405107216
56.81134083701413	-0.24730017985565292	-0.2603636489789045	-0.2297232821036822
57.94756765375441	-0.4226411253444779	0.17304581532605212	0.23828610059141458
59.1065190068295	-0.17433977473790263	0.25290629148077226	0.2835997230358993
60.28864938696609	-0.49179946127229934	-0.26419814227814303	-0.197981515473394
61.494422374705415	-0.22803475719269567	-0.24427329217881327	-0.216107250341937
62.72431082219952	-0.41316193426592607	0.22431645539394643	0.28924249696176785
63.97879703864351	-0.20629242614250137	0.16513219273810675	0.19865675889926535
65.2583729794164	-0.4920556885050753	-0.31367635260140353	-0.2484531553736093
66.56354043900471	-0.3189708287269327	-0.05749184565526608	-0.012173013250406345
67.89481124778482	-0.28511125691239175	0.27219983947323834	0.31944939442865455
69.25270747274051	-0.41146956467489965	-0.11914966146209018	-0.06162596789412757
70.63776162219531	-0.30828339972624585	-0.19053276635185445	-0.14954420319077394
72.05051685463923	-0.381724267305593	0.15480293823531063	0.21369612176394528
73.49152719173202	-0.36887866954377446	0.02073012883068876	0.07495681248979517
74.96135773556665	-0.25363263643508777	-0.13038238644192215	-0.09611059334601194
76.46058489027799	-0.5241912042331485	-0.01356432825745784	0.06259763218784595
77.98979658808355	-0.34445973929706847	0.05038869907470557	0.10167217561958446
79.54959251984522	-0.18168625231965393	0.07891304223082668	0.10705297574058509
81.14058437024212	-0.5547999798183821	-0.16359449172586277	-0.08609437991330401
82.76339605764697	-0.4252356985861092	-0.044910047296755115	0.01616786609503674
84.41866397879991	-0.10596756569192801	0.2594097760903593	0.28026774975564794
86.10703725837591	-0.38377447555357935	-0.3248924949128853	-0.27569397753867336
87.82917800354343	-0.5026262936424941	0.07927017915628687	0.15422130904490658
89.5857615636143	-0.3612052909444345	0.19303934811243176	0.24973677279417078
91.37747679488659	-0.2259629697961346	-0.4837518437506374	-0.46087707406683953
93.20502633078432	-0.11147661277703842	0.5095578315092104	0.536430625695637
95.06912685740001	-0.4868032663835677	-0.3124399527644088	-0.2479569754327305
96.97050939454802	-0.5813412005197716	-0.07726282702488126	0.005906455821233717
98.90991958243897	-0.42748865493987187	0.2495904462415252	0.317132342716955
100.88811797408776	-0.30328140048984764	-0.49730033817126745	-0.46343222431173287
102.90588033356951	-0.01662414125161843	0.6213924193077275	0.6367624486424994
104.9639979402409	-0.19973629598635323	-0.5746153696406741	-0.5574583133435116
107.06327789904573	-0.13780231432081513	0.5334175713010472	0.5646266082082712
109.20454345702665	-0.3467329292473838	-0.5005073621615093	-0.4603693800246305
111.38863432616718	-0.27182863688289144	0.4544306066423419	0.503539587159479
113.61640701269053	-0.4100375125157284	-0.4858602507624361	-0.43618520207810957
115.88873515294434	-0.2766875617106895	0.46431133288756454	0.5143347550721977
118.20650985600322	-0.4424084990116967	-0.5248517080715959	-0.47126821255054846
120.57064005312328	-0.21530481468863294	0.5306192072804807	0.5730723929075832
122.98205285418575	-0.3825692321462238	-0.5974509780764645	-0.5541065270983998
125.44169391126948	-0.09366255986415295	0.6462928075972476	0.6734163644023793
127.95052778949487	-0.25431024612150716	-0.6413137649311762	-0.6175875574745225
130.50953834528477	-0.08957724341908295	0.6089745465986195	0.6347248643180404
133.11972911219047	-0.3674096425129051	-0.47462407785737654	-0.43093150661293994
135.7821236944343	-0.3973043485577896	0.24543115806102456	0.30848452468530696
138.49776616832295	-0.5155543662512809	-0.06548198630538574	0.00833881739156385
141.26772149168943	-0.34251480647683796	-0.14556511120893795	-0.09864764174791865
144.09307592152322	-0.23167354460189815	0.13083331935764833	0.16734473876537617
146.9749374399537	-0.2978953611894414	0.04127119218555385	0.08557408219621312
149.91443618875277	-0.4627807967339592	-0.3250507841647737	-0.2643338093111707
152.9127249125278	-0.22201301826517775	0.3178025513226235	0.3568003363055166
155.97097941077837	-0.3789956927924852	-0.09354949991455688	-0.04022824263053937
159.09039899899395	-0.43662005433311035	-0.3066354828272714	-0.24934996412926091
162.27220697897383	-0.21292727511515672	0.25440058339379457	0.290752489835459
165.51765111855332	-0.3764646456473472	0.10640916385028824	0.16352711558740737
168.82800414092438	-0.36583492141996826	-0.32247652649490666	-0.27584386142313844
172.20456422374286	-0.42506892717696315	-0.11630086008290243	-0.05673457612132239
175.64865550821773	-0.20185212267265581	0.2907658303916022	0.32626021974785624
179.16162861838208	-0.49908465997210755	0.13071776681291808	0.20622423320078626
182.74486119074973	-0.21139266701119727	-0.22406365716913756	-0.19790355275436178
186.39975841456473	-0.4802693162889039	-0.1967357813555147	-0.13079516817495593
190.12775358285603	-0.3903730433761349	0.027707603010623527	0.0852142468990312
193.93030865451314	-0.1852430643142034	0.002527485047541689	0.029594754531853562
197.80891482760342	-0.44087559976873536	-0.12347986833761561	-0.06175800729504212
201.7650931241555	-0.5459425504061769	-0.023170251965358366	0.055963656386264105
205.8003949866386	-0.15826403817750292	0.28833834576940853	0.31742556687382373
209.91640288637137	-0.052377971384102925	0.49019363489807166	0.5080444564519631
214.11473094409882	-0.19275950177876164	0.4750216226068984	0.5130286670872781
218.3970255629808	-0.4898509513971243	0.2035809655160605	0.2792588327097258
222.76496607424042	-0.6682489709818255	-0.11372238957498206	-0.01863863108961125
227.22026539572522	-0.6272308132626565	-0.23498148413609418	-0.148405771454792
231.76467070363972	-0.5292762174066917	-0.1969312982089924	-0.12384791854987057
236.39996411771253	-0.5206701051917649	-0.07192230804554076	0.0025103675439762663
241.1279634000668	-0.5458103450253788	0.021763401540442692	0.10181414772206968
245.95052266806812	-0.4779837267451851	0.1435497595060229	0.2162463396460712
250.8695331214295	-0.3454021874437164	0.32197920671103547	0.37905825918639074
255.8869237838581	-0.2338407559147882	0.40634075691062727	0.4489079662505053
261.0046622595353	-0.28544193373911836	0.21424960356517386	0.26034008564306976
266.224755504726	-0.3866590319879155	-0.2477839166210837	-0.19655830605245192
271.5492506148205	-0.3654046623430988	-0.490148530577287	-0.4470717783726119
276.9802356271169	-0.4755674130708498	-0.09192269213089296	-0.02448416714412091
282.51984033965925	-0.23969531074500763	0.4601011612278188	0.5046421682370452
288.17023714645245	-0.3050890652760469	0.22041417771662397	0.2694982951051438
293.9336418893815	-0.29627462730646237	-0.15317248181683918	-0.11315685870583078
299.8123147271691	-0.5171154242467424	-0.050592973908121244	0.023765671838109577
305.80856102171253	-0.06809988474063046	0.1843974893815763	0.19817033693503427
311.9247322421468	-0.49883987081096864	0.016273534235991153	0.0893600473591739
318.1632268869897	-0.4323798658929441	-0.07194615471049287	-0.010389635824240441
324.5264914247295	-0.14232212327383104	-0.16027203945908647	-0.14285573063705037
331.01702125322413	-0.15654608970069422	0.3882394423306087	0.41915740212718094
337.6373616782886	-0.3474008720304369	-0.4272053118308764	-0.3854427953229143
344.3901089118544	-0.3587194012773963	0.2733651577237152	0.33137351119591285
351.27791109009144	-0.472778486549832	-0.24547099698174213	-0.18163811346367775
358.3034693118933	-0.2606853734007438	0.33465403230269986	0.3796426082632813
365.46953869813115	-0.29270784012986967	-0.488541696328679	-0.45603308831658723
372.7789294720938	-0.2560977118961284	0.3962239372329043	0.44182618557677517
380.2345080615357	-0.44050832513425764	-0.10822438582346805	-0.046238263112711064
387.8391982227664	-0.29410596484606655	-0.3149398561489677	-0.2786106499453531
395.59598218722175	-0.4581046135058695	0.07975717862977653	0.14822570932083617
403.5079018309662	-0.2717091110834281	0.4378102645870199	0.4865555571322495
411.5780598675855	-0.39706578656602265	-0.3621178558767992	-0.31175655066668745
419.80962106493723	-0.2140524171615114	-0.16468458119561197	-0.13689953246780034
428.20581348623597	-0.5904664727303632	0.00026847830477992856	0.08638376554264082
436.76992975596073	-0.2809441498576198	-0.002149457597273474	0.03877678389035302
445.5053283510799	-0.15869082985550118	-0.2423056742553191	-0.2242112964483776
454.41543491810154	-0.3149470018718271	-0.4596934348170338	-0.4233406102694138
463.50374361646357	-0.2890684583567434	-0.4781508780197702	-0.4459565378014906
472.77381848879287	-0.38773569904143396	-0.4495699259748111	-0.4023911766557438
482.2292948585687	-0.37189282396080736	-0.2366819907460106	-0.18737849539226792
491.8738807557401	-0.39662736652897546	0.025924378378873313	0.08430596054724207
501.7113583708549	-0.2860831194912857	0.2759807756000117	0.32345083001749114
511.745585538272	-0.2272811796743777	0.3883087297905521	0.42954366703036867
521.9804972490375	-0.6252410285232697	-0.3162839676405701	-0.23169223364010522
532.4201071940182	-0.2213767256126956	-0.6064056685671274	-0.5867550141770909
543.0685093378986	-0.3756636039051134	-0.015422865150675064	0.03904010072818154
553.9298795246566	-0.5453987317144742	-0.11322539630078914	-0.03604694368202804
565.0084771151497	-0.3653069238764138	0.16684748073111136	0.22359739631165315
576.3086466574528	-0.4028294531694719	-0.36704726142682065	-0.3159481174526647
587.8348195906018	-0.35443974753104457	0.24632799260947225	0.3031489556371136
599.5915159824139	-0.42761872223438413	-0.07413762875905536	-0.013321099032354719
611.5833463020622	-0.3301605606058856	-0.5474275681907302	-0.5106838941063455
623.8150132281033	-0.14012171450072972	0.6479962616923602	0.6819306005089741
636.2913134926655	-0.46675201889468443	0.13243009508077616	0.20325705815043382
649.0171397625188	-0.23292674117834036	-0.5007144395410899	-0.4771775072763546
661.9974825577692	-0.2866801914825613	0.066854741835995	0.11005507688211844
675.2374322089246	-0.4590848684767671	-0.20165467764715353	-0.13890594011194074
688.742180853103	-0.47798609912604784	-0.23804760281927645	-0.17330062175546251
702.5170244701651	-0.36977423758631167	-0.07696392580386172	-0.02464193127677175
716.5673649595684	-0.26501796868879823	0.21506274608418993	0.2581916737280603
730.8987122587598	-0.10106946503836933	0.5874540876555996	0.61443201146652
745.516686503935	-0.5919924049755573	0.1348992063291924	0.22404183218665266
760.4270202340138	-0.18559679020536587	-0.22549687582233802	-0.20312852883035426
775.6355606386941	-0.5392014781509963	0.004266506846195436	0.08298894130251146
791.1482718514679	-0.3689130818002215	-0.17049328874950265	-0.1202454078359183
806.9712372884973	-0.43564199769447176	0.15334238754853907	0.22006814528624408
823.1106620342673	-0.5359409872040218	-0.08474082113959072	-0.008348194279412361
839.5728752749526	-0.49620719315892026	-0.29851710954799093	-0.23237266699456482
856.3643327804517	-0.08558882908294295	0.597434709455535	0.6223629701437878
873.4916194360608	-0.596557335519895	-0.35099403362791903	-0.27130846456518254
890.961451824782	-0.21929771009134136	-0.22168362137975794	-0.1943211141035156
908.7806808612777	-0.33049962769083713	-0.22763421997365124	-0.18417873718485528
926.9562944785032	-0.19736065675399195	-0.2693439594666909	-0.24617352951228957
945.4954203680733	-0.10990324686075556	0.23458474799689838	0.25549948708069403
964.4053287754348	-0.31997536532152904	0.31334945722978086	0.36654064503145767
983.6934353509434	-0.47827756306011737	-0.3124996598637594	-0.24926125816465375
1003.3673040579624	-0.35709009146135345	-0.3195691358316941	-0.2741511878234071
1023.4346501391217	-0.28123681608965284	0.25027737386635224	0.2965051881683089
1043.903343141904	-0.26943661575729794	-0.13889993802464812	-0.10250084693555561
1064.7814100047422	-0.32793001801308597	0.02136617411879954	0.06963443037318294
1086.077038204837	-0.566342527594497	0.010658257710980203	0.09347192335415647
1107.7985789689337	-0.171576440247944	0.4458112202108139	0.4801205181680311
1129.9545505483125	-0.30237961085741866	0.24136509918596555	0.2904905653357135
1152.5536415592787	-0.35383779539465743	0.2655832805084724	0.3227176106807864
1175.6047143904643	-0.3792447614704418	0.039399153204548204	0.09552649661074906
1199.1168086782736	-0.2788458293332116	-0.6056233729891637	-0.5775755098153444
1223.0991448518391	-0.3843480797301314	-0.08121892766007971	-0.026860227025687133
1247.561127748876	-0.41759399171898187	0.23422325789073767	0.30000203288914623
1272.5123503038535	-0.3502714481634177	-0.6103831110713248	-0.5720181730281456
1297.9625973099305	-0.3330634155231415	-0.1673284381414725	-0.1222426991722951
1323.9218492561292	-0.3498045698329207	0.07894460399564229	0.13160244967951912
1350.400286241252	-0.4784643331951588	0.12026570675811282	0.19254729090653416
1377.4082919660768	-0.1410905339714542	0.5539779401187875	0.5860948500754327
1404.9564578053985	-0.20508625871913588	0.16627915292260567	0.19965171467170065
1433.0555869615064	-0.4376629606924946	-0.1557676849359097	-0.09518699660441893
1461.7166987007367	-0.22033046893320912	0.3096999482868228	0.3482835572622246
1490.9510326747513	-0.29217865413865035	-0.550239599487852	-0.5190935374152956
1520.7700533282464	-0.29514877751502266	0.28270991433150355	0.331642234267684
1551.1854543948114	-0.400996732518096	0.0506953370146665	0.11023018002802773
1582.2091634827077	-0.21918923797105105	0.2773244567984512	0.31506714685253057
1613.8533467523619	-0.526857110026472	0.09017845538558686	0.1688905017516471
1646.1304136874091	-0.3845910235059858	0.23091019432686327	0.29180701430329586
1679.0530219611574	-0.2960542793730253	0.09976982610026452	0.1450229465525862
1712.6340824003805	-0.12657154922107655	0.5739572668958511	0.604373060884255
1746.8867640483882	-0.40975798470926195	-0.2524054926172525	-0.19790756761001127
1781.8244993293558	-0.38794672897396903	0.09615279908224034	0.15473154703849085
1817.4609893159432	-0.3851806129496729	-0.5051601957998985	-0.45951219382390235
1853.810209102262	-0.42204181962794807	-0.120065318043576	-0.061018913473741485
1890.8864132843073	-0.28661166491988166	-0.6656749901020602	-0.637745684595037
1928.7041415499934	-0.5969740388497473	-0.2039380870548444	-0.12112808320289896
1967.2782243809934	-0.3681337757502042	-0.16619532043438903	-0.11597154731320063
2006.6237888686132	-0.47943457580464105	-0.44914236030422156	-0.3885819505057159
2046.7562646459855	-0.14283187576465206	-0.09743264678635016	-0.07863284504538731
2087.691389938905	-0.42923008211890573	-0.3567063224135263	-0.30154165048813447
2129.4452177376834	-0.5702039542597434	-0.1698812061898222	-0.09026565465589755
2172.034122092437	-0.2521214842554208	-0.036748009427666956	-0.0007458765034944193
2215.474804534286	-0.19382948556129512	0.43478574776876006	0.4721105841582981
2259.784300624972	-0.5716055410875336	-0.16523901795861687	-0.08532235609082273
2304.979986637471	-0.41248497965047015	0.08961182163601439	0.15163279411912484
2351.0795863702206	-0.48024904003981955	0.19329009717574472	0.2673532925393798
2398.101178097625	-0.29803758597121527	0.007010164027014154	0.050620023731712455
2446.0632016595778	-0.13579258782771947	-0.36179287106366853	-0.34952713681928615
2494.9844656927694	-0.432031157062223	-0.04579520877896513	0.01625526810971397
2544.8841550066245	-0.4175692579905186	0.13616908768773575	0.19990146047151428
2595.7818381067573	-0.49436989742702425	-0.14992937687878743	-0.08095729552232125
2647.697474868892	-0.46053819965133813	0.13763386796726826	0.20766306099907322
2700.6514243662705	-0.4319152029248905	0.1533686905301558	0.21955150534274726
2754.664452853596	-0.22643322399330496	0.4129973789711982	0.4546230028654552
2809.757741910668	-0.3446818632985676	-0.5630684945368443	-0.5245329831086539
2865.952896748881	-0.0365836536339611	0.6346858861430685	0.6532436249260017
2923.271954683859	-0.2545829183010432	0.2803124618686864	0.3232789804098528
2981.737393777536	-0.45301276295326914	0.17950802992386658	0.2493121418112989
3041.3721416530866	-0.2950964647009909	0.1649807747074512	0.21145277528275092
3102.1995844861485	-0.45597651304929415	-0.46005605726838616	-0.4031439836417888
3164.2435761758716	-0.4595050748802147	-0.1423117016621384	-0.07826537202673504
3227.528447699389	-0.2527029996103936	-0.28582635660949496	-0.25492855159567696
3292.079016653377	-0.6075301962129561	-0.1600212511674783	-0.07475687361907804
3357.9205969864443	-0.34235627321579537	-0.12218887658019442	-0.07480752166497828
3425.0790089261736	-0.34120302905714817	0.25717228009570686	0.3122888110018682
3493.580589104697	-0.27150967475331556	0.4330028808229478	0.481618935074951
3563.452200886791	-0.32823845827578835	-0.49576596049735605	-0.45822630950916543
3634.721244904527	-0.554582705652581	0.07057326708796971	0.15292018805997057
3707.4156698026172	-0.5634663466950137	-0.2141643240168155	-0.13645390520747624
3781.56398319867	-0.4133717525992187	0.10462738300391301	0.16709050073721393
3857.195262862643	-0.16753092570477818	0.38401374623964957	0.4164456259515891
3934.3391681198964	-0.42107053066670924	-0.27566066650707527	-0.21999747800374417
4013.025951482294	-0.36719384344958406	-0.06675872406346003	-0.01460042864505115
4093.28647051194	-0.3333932455693325	-0.365180780077325	-0.3241688646834083
4175.152199922179	-0.055647778723778116	0.6037821320371122	0.6244762275184363
4258.6552439206225	-0.42286604437035624	-0.20545230241793333	-0.14806459391429666
4343.828348799036	-0.28138214460700894	-0.4574567135874024	-0.4259521656986179
4430.704915775016	-0.3226625120244554	0.1423213814199811	0.19234135986979714
4519.319014090516	-0.37360812304815866	-0.09699343567731422	-0.044529614309401784
4609.705394372327	-0.4098162356024451	-0.31476925813827356	-0.26156208332413095
4701.899502259774	-0.46177427781308233	-0.47635906727716565	-0.4189411323310321
4795.937492304969	-0.17101128617924252	-0.3312416526227781	-0.31320337448461333
4891.856242151069	-0.2092527623629053	-0.22664745042625156	-0.20085324446554137
4989.69336699409	-0.31001521932711196	-0.37492221099051426	-0.33752253756761275
5089.487234333972	-0.44034639798619224	0.12310697118127466	0.18988888278720423
5191.276979020651	-0.26889365661489906	-0.47916203357241555	-0.4499309176821679
5295.102518601065	-0.38020809488303786	-0.04853236499161814	0.005903557908166185
5401.004568973086	-0.21369327559253676	-0.06739049317836499	-0.03763085909566927
5509.0246603525475	-0.292890152662379	0.11062537129758415	0.15564321379621404
5619.205153559598	-0.4389113668883422	0.140265792919107	0.20719590460947163
5731.589256630791	-0.3890071097324749	0.19218176278854215	0.25291575301595604
5846.221041763407	-0.29461137132355	-0.5826708901784247	-0.5518457087391243
5963.145462598675	-0.214153085144642	-0.6420825360865815	-0.6242285973381247
6082.408371850649	-0.19317333864251518	0.5618879968644085	0.6017651086844504
6204.0565392876615	-0.47941196087883126	0.11492086631764133	0.18722929532742175
6328.137670073415	-0.3172853877114956	0.23119851319821141	0.28228593459776724
6454.700423474884	-0.3728386808405677	0.16938316235464046	0.2272842858596116
6583.794431944381	-0.21756182060617654	0.4956314266118282	0.5376848468379753
6715.470320583269	-0.5252579624442771	0.12046880837318079	0.19957869473741247
6849.779726994934	-0.2794452339717905	0.023531177268398873	0.06477384008237669
6986.775321534833	-0.2848270419575671	0.1094210021622688	0.153237883326128
7126.51082796553	-0.57521437601105	-0.09910509083582242	-0.01728435039329059
7269.041044524841	-0.346069671798321	0.28581929304994147	0.3422423554590704
7414.421865415337	-0.3688280277214427	0.055024021735067555	0.10995777623059186
7562.710302723644	-0.5875605868883894	0.017874533909846304	0.10393283895419157
7713.964508778117	-0.4561672242959229	0.0990889138019976	0.16767765304936125
7868.24379895368	-0.3800608575452616	0.015903301256830968	0.07166016175836562
8025.608674932754	-0.2647390809299962	-0.5828412550880396	-0.5563759986000826
8186.120848431409	-0.5634670064191577	-0.02169494098644266	0.06002535284580036
8349.843265400037	-0.217611511653553	-0.06852632313355084	-0.03821894274935661
8516.840130708038	-0.28796694285279484	0.20354738886834453	0.24978313863580096
8687.1769333222	-0.40775748910763876	0.23197215699258666	0.29626954409146294
8860.920471988644	-0.19053103910011587	0.3114041884382241	0.3456775522327874
9038.138881428416	-0.5248704943572561	-0.011310771189842528	0.06499720150413552
9218.901659056984	-0.39982862441443456	-0.12112726908650549	-0.06534241279870266
9403.279692238124	-0.4097851095254876	-0.5167842099962423	-0.46779021923203057
9591.345286082887	-0.4715106600811588	0.014570949358694893	0.08363648206550332
9783.172191804546	-0.40633638402055694	-0.36188575644041915	-0.31016765369659655
9978.835635640637	-0.35612665740790805	0.28368381949537086	0.3415290366068443
10178.41234835345	-0.4835071487181002	-0.2774435771836308	-0.2127121925202335
10381.980595320518	-0.30923544058221414	0.3437795482446027	0.39603845725127146
10589.62020722693	-0.4247138628189487	-0.16219134710689373	-0.10363289517719057
10801.412611371468	-0.4260342591384726	0.002476917261173099	0.06465851582847479
11017.440863598897	-0.2746582475613748	-0.4550474298370633	-0.4244732568559683
11237.789680870876	-0.44338079550918236	-0.09662280369487074	-0.03397607942675808
11462.545474488294	-0.2137366163533829	0.16530133089063015	0.19991503183571985
11691.796383978059	-0.3652715917125007	0.07494015517930633	0.12977018220361491
11925.63231165762	-0.1796085739606355	0.49789148380407733	0.5344571400859216
12164.144957890774	-0.1936064314528655	0.3191591366618572	0.3540425565958554
12407.42785704859	-0.4104581579381482	0.019899632163015372	0.08017268919905814
12655.576414189562	-0.4788982358579583	-0.08963246186237082	-0.021660478755217982
12908.687942473352	-0.21854049367043935	0.36309237791489224	0.4025272911150582
13166.86170132282	-0.23958341438050856	0.019821688518156855	0.05517388829277581
13430.198935349275	-0.4806801813314482	0.12695864930864434	0.1997028142800773
13698.802914056261	-0.2755358714903543	-0.17109256390413832	-0.13447467772646446
13972.778972337388	-0.18779178171651503	-0.5181216893396287	-0.5015295897005457
14252.234551784135	-0.4066940165811067	0.027372947600182898	0.08725276142659814
14537.279242819819	-0.20577674103330787	0.03633678575765642	0.06710291019496506
14828.024827676216	-0.6263269426648865	-0.2774728123058443	-0.19191415009025356
15124.58532422974	-0.5107884583407097	0.0028857222759987172	0.07743582499810225
15427.077030714334	-0.30946512300362217	-0.1312765160039766	-0.08888111298269802
15735.618571328621	-0.37417347572644594	-0.5184804942203305	-0.4747152059731473
16050.330942755194	-0.4176372526616011	-0.034824012057677295	0.025355920370937896
16371.337561610299	-0.3743646639084255	-0.11748039070046473	-0.06533305202007911
16698.764312842504	-0.3577340346107739	-0.08031782119907725	-0.029821562426653538
17032.739599099354	-0.21522714041433286	-0.13163867454155892	-0.10299385561741786
17373.394391081343	-0.2636256961187503	-0.5519644606955827	-0.5250183062760896
17720.86227890297	-0.14155707357573008	0.5013848803588425	0.5324741385961125
18075.27952448103	-0.3470623915003793	0.158737972660965	0.2126582791852071
18436.78511497065	-0.26683032000432133	0.4671167556695126	0.515761109746591
18805.520817270062	-0.21369274147698808	0.3490723459846819	0.3875082113247568
19181.631233615466	-0.0674051474863663	0.6901834889747043	0.714392229003439
19565.263858287773	-0.4842999595768253	-0.3929390042108444	-0.3304981560269499
19956.56913545353	-0.16901464682179418	-0.24494883538371112	-0.22540396679269362
20355.7005181626	-0.14039776641437524	-0.1733400868269484	-0.15647666436708008
20762.814528525854	-0.40936237638400674	-0.33867378940143994	-0.28603081345796905
21178.07081909637	-0.2807637924039664	0.3586284715232906	0.4070446177389376
21601.6322354783	-0.426283081595103	-0.41725587603326975	-0.36378242405134376
22033.664880187865	-0.32355321684277877	0.1310887083625718	0.18100456724303066
22474.338177791622	-0.3818178770809955	0.13979417279002473	0.1983883251307955
22923.824941347455	-0.5751740082995973	0.12007599337715023	0.20645711944953218
23382.301440174408	-0.2886740157019588	-0.616063333760607	-0.5867996925907508
23849.947468977894	-0.1724648032405145	0.16078234280531076	0.1892830920863298
24326.946418357453	-0.4841471356635669	-0.13146237359960072	-0.06359638243198887
24813.485346724603	-0.3315316728440477	-0.4323872004075374	-0.3930468981262709
25309.755053659093	-0.15843990697734345	-0.2189288234370095	-0.200384020824418
25815.950154732276	-0.4829056996546744	-0.06706710762127009	0.0019594088362601333
26332.269157826922	-0.24812376402225064	-0.2690108857865229	-0.23843056365383047
26858.914540983464	-0.621704620747368	-0.23533274747621444	-0.149570255856311
27396.092831803133	-0.4593342515237481	-0.06839939636417972	-0.0028381387745535433
27944.014688439194	-0.5036677900194957	0.04833793713257494	0.12279653020068004
28502.894982207978	-0.1456325998596606	0.34824218883956215	0.37673532191992026
29072.95288185214	-0.33878634253402784	-0.30380883256532515	-0.2607318416242238
29654.411939489182	-0.5907783890492	-0.17116226896688932	-0.08857296783402457
30247.500178278966	-0.29002988496226456	0.10233571192779992	0.14676373081662597
30852.450181844546	-0.22303664014415314	0.24441507259243378	0.2820332299591318
31469.49918548144	-0.2506282092829072	-0.671625540882753	-0.6490677924640527
32098.88916919107	-0.2570079435823355	0.23088149379572837	0.27317185002222993
32740.86695257489	-0.24191241895926402	0.04447968900111912	0.08068524362020174
33395.684291626385	-0.629865316594529	-0.20392124389310368	-0.11631424447084125
34063.597977458914	-0.2590043120093573	0.18549379844355915	0.22712971474583124
34744.869937008094	-0.5035109702528446	0.004924022405856127	0.07845528936785137
35439.767335748256	-0.5578350622160285	0.03018381996663108	0.11216359612244006
36148.56268246322	-0.035719144343952874	0.6970355875493364	0.7167662041734407
36871.533936112486	-0.4836272770165756	0.07781026083019638	0.1499602858290761
37608.96461483474	-0.44237123840825016	-0.2924899368193346	-0.2340710049018674
38361.14390713144	-0.27993439891965677	-0.09377626726403258	-0.05490617298958329
39128.36678527406	-0.47462950480273286	-0.4508984410104474	-0.3910753557477667
39910.934120979546	-0.3349643507836742	-0.2038461937899894	-0.1592440216713284
40709.152803399134	-0.2818037316240578	0.07085923412421391	0.11343184569697676
41523.33585946712	-0.3480244876402289	-0.20679302935764113	-0.16034764635505858
42353.80257665646	-0.20157105167945755	-0.31480434878122854	-0.29196699434424966
43200.878628189595	-0.34086492170442073	-0.6805178858260548	-0.6449858740322031
44064.896200753385	-0.02621225970337218	0.7769265085401049	0.7969350986747655
44946.19412476845	-0.3256068568181775	-0.34743759022457704	-0.3071915400682715
45845.11800726382	-0.37583675814224465	0.15649167806765166	0.21456144858980508
46762.0203674091	-0.2595652190610227	-0.43748964583926175	-0.40875075234784713
47697.260774757284	-0.6093212629773378	-0.15718850730528075	-0.07160391702327912
48651.205990252434	-0.381942947766289	-0.4645204664695029	-0.4184979629717004
49624.230110057484	-0.44394697462273325	-0.3878630916675475	-0.3312013056114727
50616.71471225863	-0.20042883037117074	0.2383970854161176	0.2725928957914158
51629.0490065038	-0.25141315044137086	-0.5298846969569566	-0.5042595437041931
52661.62998663388	-0.4463326452050925	-0.11152725984108036	-0.04876056699536013
53714.86258636656	-0.42347927206349634	-0.17433449924071864	-0.11620907413230704
54789.159838093896	-0.1727310804427276	0.11214069283458	0.1396669064998649
55884.94303485577	-0.4693534269432468	-0.0030080035092086843	0.06537670451357297
57002.641895552886	-0.3139818458779756	0.08989496019490878	0.13755679105617424
58142.69473346395	-0.18923838465159223	0.39358410584410464	0.429381039144214
59305.54862813323	-0.40178949049544865	0.323697886208651	0.38903589286858414
60491.65960069589	-0.43637508497704514	0.23008017442010556	0.2985115446130101
61701.49279270981	-0.4385241717069477	-0.2934731154107537	-0.23563569694121456
62935.52264856401	-0.33691561653916713	-0.04541606403953247	0.002771295371605753
64194.23310153529	-0.12729813732588602	0.14830968653181387	0.16996378336125173
65478.117763566	-0.2688034953764592	-0.5807840547726535	-0.5536832128380166
66787.68011883732	-0.5229687568288794	-0.030647185592067718	0.04498060841230915
68123.43372121407	-0.4246866784832602	-0.012754057420854711	0.048913706995019554
69485.90239563835	-0.3202000806852369	0.13406618443193136	0.18355507504086038
70875.62044355112	-0.40857967701074704	0.13576166414461294	0.19817456837835962
72293.13285242215	-0.24308217496835144	0.3147717681732016	0.35677899719302786
73738.99550947058	-0.23092641021545218	-0.347461083884669	-0.32102308830917947
75213.77541966	-0.2309601210628908	-0.317204105345177	-0.29013083988486355
76718.0509280532	-0.5044774983806907	-0.1085849774231729	-0.037277529272304905
78252.41194661426	-0.43223775190171726	-0.04993224401975074	0.012062173048838207
79817.46018554654	-0.4575913690611519	0.03148521224756541	0.09887322882414099
81413.80938925748	-0.47908618888434007	0.10654690209359469	0.17863336509951083
83042.08557704263	-0.4114693406386297	-0.19181269270604978	-0.13580284496095896
84702.9272885835	-0.2298647618526706	0.3849885022505567	0.426531040484291
86396.98583435516	-0.5436720552030342	0.17826010916709004	0.2612593694918469
88124.92555104227	-0.11699872049786633	0.5924915014557769	0.6218973878087111
89887.42406206312	-0.05085711788462717	0.6944011193939666	0.7162844724061824
91685.17254330438	-0.2529443836082403	0.07231472386753762	0.1107090032243131
93518.87599417046	-0.27187317189036136	-0.37834802743647566	-0.3465821071073911
95389.25351405388	-0.2882174767094088	0.17194406569066767	0.21755794907934536
97297.03858433495	-0.19690555459962775	0.3828510023377412	0.4195424582655565
99242.97935602165	-0.2604142914097255	0.3374207119387694	0.38242739426807865
101227.8389431421	-0.5320245498946312	-0.14875364706945954	-0.07426576785710619
