1.0	-0.5539978149272049	0.19675756600504338	0.28164802997369925
1.02	-0.5651772125621164	0.17500899329517555	0.2610766908208003
1.0404	-0.5756711180901454	0.1530251041959758	0.24016516525487153
1.061208	-0.5853984772249403	0.13082657654756485	0.2189227414876096
1.08243216	-0.5942759313276494	0.10843553780684635	0.19735985149643787
1.1040808032	-0.6022183736334354	0.08587556511106066	0.17548815220575043
1.126162419264	-0.609139614685332	0.06317168043873328	0.15332061758948445
1.14868566764928	-0.614953164697964	0.0403503412626863	0.13087164322411204
1.1716593810022657	-0.6195731395590816	0.01743942726126823	0.10815716484824409
1.195092568622311	-0.6229152957605665	-0.005531776165027874	0.08519479246328338
1.2189944199947573	-0.6248981976820753	-0.028532596638943065	0.06200396142638161
1.2433743083946525	-0.6254445182835403	-0.051530994698004165	0.03860610182880373
1.2682417945625455	-0.6244824713587859	-0.07449358354383445	0.015024827205491963
1.2936066304537965	-0.621947370034458	-0.0973856472090483	-0.008713856729211659
1.3194787630628724	-0.6177833021551824	-0.12017115558269041	-0.03258132309303235
1.3458683383241299	-0.6119449085869628	-0.14281277466311465	-0.05654607496633077
1.3727857050906125	-0.6043992453317569	-0.16527187039748473	-0.08057347775321774
1.4002414191924248	-0.5951277047430092	-0.1875085045366493	-0.10462547477280727
1.4282462475762734	-0.5841279651660354	-0.20948142110080517	-0.12866028912035854
1.4568111725277988	-0.5714159321384974	-0.23114802233314544	-0.15263211602822166
1.485947395978355	-0.5570276280554612	-0.2524643334329073	-0.17649081128800473
1.5156663438979219	-0.5410209811517348	-0.27338495592136247	-0.2001815827517628
1.5459796707758804	-0.5234774590397488	-0.29386301021646094	-0.2236446934860072
1.5768992641913981	-0.50450348715326	-0.31385006888126377	-0.24681518677310643
1.6084372494752261	-0.4842315885947769	-0.33329608306818675	-0.2696226447953692
1.6406059944647307	-0.46282117938194645	-0.3521493058966603	-0.29199099444297355
1.6734181143540252	-0.44045895223489406	-0.37035621785598116	-0.3138383751937254
1.7068864766411058	-0.41735878310471375	-0.38786146078428074	-0.3350770853478492
1.741024206173928	-0.39376109781144636	-0.404607788489424	-0.3556136239854512
1.7758446902974065	-0.3699316415460937	-0.42053604358173585	-0.3753488467642165
1.8113615841033548	-0.34615960158867914	-0.43558517149674597	-0.39417825400457895
1.847588815785422	-0.32275504326181936	-0.4496922838950572	-0.4119924293338554
1.8845405921011302	-0.3000456305917436	-0.46279278451482675	-0.42867764639758976
1.922231403943153	-0.2783726159623252	-0.4748205709842096	-0.4441166597185413
1.960676032022016	-0.25808609668416405	-0.485708325930169	-0.45818969362060685
1.9998895526624565	-0.23953955025523332	-0.49538790979692804	-0.4707756401721426
2.0398873437157055	-0.22308367356503847	-0.5037908659689547	-0.4817534732817396
2.08068509059002	-0.20905956390290767	-0.5108490459557626	-0.49100388134400014
2.12229879240182	-0.19779129112049126	-0.5164953584492485	-0.49841111512853636
2.1647447682498564	-0.18957792079453334	-0.5206646409715765	-0.5038650408759482
2.2080396636148536	-0.18468505839022023	-0.5232946466282773	-0.5072633807511258
2.252200456887151	-0.18333599554852503	-0.5243271312970682	-0.5085141138482638
2.297244466024894	-0.1857025537750584	-0.5237090186631476	-0.5075380007931003
2.343189355345392	-0.19189574082519978	-0.5213936122360383	-0.5042711836206142
2.3900531424522997	-0.20195636446846535	-0.5173418153787714	-0.49866780004751127
2.437854205301346	-0.2158457910050572	-0.5115233131269848	-0.49070253762889315
2.4866112894073726	-0.23343709579829508	-0.5039176639961912	-0.48037303885886057
2.53634351519552	-0.2545069333474057	-0.4945152470084616	-0.467702053541308
2.587070385499431	-0.2787285565317954	-0.4833180098178808	-0.4527392205281999
2.6388117932094195	-0.30566653717165326	-0.4703399690646238	-0.43556234841593733
2.691588029073608	-0.3347738772008427	-0.45560742480122424	-0.41627805572612697
2.74541978965508	-0.36539233996769466	-0.439158867602805	-0.395021627765908
2.8003281854481816	-0.3967569558302356	-0.4210445799479254	-0.3719559526382646
2.856334749157145	-0.4280057388975704	-0.40132596216572214	-0.34726941612161216
2.9134614441402884	-0.45819565872225854	-0.3800746464091529	-0.3211726679790143
2.971730673023094	-0.4863258028923164	-0.35737149749903335	-0.2938942241084671
3.031165286483556	-0.5113684037069055	-0.33330563382070877	-0.26567494231804967
3.091788592213227	-0.5323079502069822	-0.30797363047845516	-0.2367615050415714
3.153624364057492	-0.5481879467730072	-0.2814790855537838	-0.20739915759842406
3.2166968513386416	-0.5581640186005054	-0.25393273309515746	-0.1778240789887329
3.2810307883654146	-0.5615610471779461	-0.22545326810781502	-0.1482558918132773
3.346651404132723	-0.5579309352528966	-0.1961690050347713	-0.11889093124861495
3.4135844322153774	-0.5471065872946657	-0.16622041968766532	-0.08989696778401966
3.481856120859685	-0.5292469228433857	-0.13576352586835447	-0.061410089742617996
3.551493243276879	-0.5048674076357126	-0.1049739163144422	-0.03353437595745158
3.6225231081424165	-0.4748508643262482	-0.07405116160805857	-0.006344809760648634
3.694973570305265	-0.4404343225315822	-0.043223122969844485	0.020106400670806185
3.76887304171137	-0.40316939173696054	-0.01274961151753691	0.04578030787082116
3.8442505025455977	-0.3648559550385859	0.017075264300164143	0.07063915908287802
3.9211355125965097	-0.3274516032465715	0.045922761715180685	0.09463284472437193
3.99955822284844	-0.2929617560079375	0.07343184985404462	0.11768526947716146
4.079549387305409	-0.26331740428093486	0.09921480891342577	0.13968223889009182
4.1611403750515175	-0.240248481999104	0.12286646754045025	0.1604624225724123
4.244363182552547	-0.2251608630516239	0.14397720083028392	0.17981268504261
4.329250446203599	-0.21902403201794293	0.16214948112628358	0.19746859998569785
4.41583545512767	-0.22227511282535656	0.1770173942415259	0.21312037724192218
4.504152164230224	-0.23474397530285834	0.1882681292094965	0.22642387829969451
4.594235207514829	-0.25560444975356067	0.19566405054714006	0.23701603385593306
4.686119911665125	-0.2833587880580183	0.19906360506549017	0.24453392009614888
4.779842309898428	-0.31586609429256246	0.19843904529994855	0.24863699749469617
4.875439156096396	-0.3504289511512136	0.19388882341423455	0.24903239594491644
4.972947939218325	-0.3839531103418376	0.18564258818202073	0.24550330402733078
5.072406898002691	-0.41318959812732736	0.17405707497997927	0.23794008043563075
5.173855035962745	-0.4350545829268879	0.15960187976455076	0.22637237893648338
5.277332136682	-0.44700041050514744	0.14283518598286649	0.21099847888951018
5.38287877941564	-0.4473861935419792	0.12437093165650823	0.19220581262422412
5.490536355003953	-0.43577717587770376	0.1048405137604147	0.17057552927925515
5.600347082104032	-0.4130990643388063	0.08485364096984502	0.146865038706126
5.712354023746113	-0.3815935271162794	0.06496395481035042	0.1219664265733568
5.8266011042210355	-0.3445628576942835	0.04564509866753701	0.09684478830352704
5.943133126305456	-0.3059442080365716	0.02728169899111073	0.07246693139209223
6.061995788831565	-0.26979874056708303	0.01017720990911411	0.04973488478158686
6.1832357046081965	-0.2398208097167844	-0.005422834099446244	0.029438058273846324
6.30690041870036	-0.21895731723948025	-0.019297100461866473	0.012232152042602307
6.433038427074368	-0.20918089796463069	-0.03121178164025981	-0.001356479471256472
6.561699195615856	-0.21139845342787805	-0.040889275174405604	-0.010912193948973414
6.692933179528173	-0.2254240071993503	-0.047989342235892796	-0.016114785815901977
6.826791843118737	-0.24993097480118812	-0.05210723142654153	-0.016744531589421213
6.963327679981111	-0.282346126536584	-0.05279044626294796	-0.012714770440174272
7.102594233580733	-0.31875336001106286	-0.04957424601138233	-0.004122177801672816
7.244646118252348	-0.3539938320104015	-0.04203619927152252	0.008712147078504331
7.389539040617396	-0.38219225487452124	-0.029871202349937384	0.025242851436973204
7.5373298214297435	-0.39782205174002283	-0.01298797899832245	0.044757153984632495
7.688076417858339	-0.3971401511140614	0.008376085632743988	0.06646685945422674
7.841837946215505	-0.37950724773214634	0.03353305677566909	0.08957646908610022
7.998674705139815	-0.34798599986802087	0.06123623029727468	0.11325994340922096
8.158648199242611	-0.3088351222506233	0.08961311380563233	0.1365185090047989
8.321821163227465	-0.2700109737518685	0.11616885167224415	0.15796563642089673
8.488257586492013	-0.23923652184464414	0.13788632783735139	0.17564761910297352
8.658022738221854	-0.22230435899962664	0.15144372062295425	0.18701818382337804
8.831183192986291	-0.22204305421134551	0.1535646453637648	0.18914518754799783
9.007806856846017	-0.23804974454080097	0.14150977689582964	0.17917348499335958
9.187962993982937	-0.26706793378582316	0.11370355238176602	0.155019783400152
9.371722253862597	-0.3037655018855079	0.07044529522330462	0.11621204123209332
9.55915669893985	-0.34168571723085933	0.01456251962459898	0.06469507254627851
9.750339832918646	-0.3743989753361531	-0.04825697690821139	0.005337519976056582
9.945346629577019	-0.3970608043250939	-0.10978899659326322	-0.054171566724879966
10.14425356216856	-0.4080987034774847	-0.16049809343551996	-0.10432740945829347
10.347138633411932	-0.40991260923962236	-0.191600047347307	-0.13581279281959774
10.55408140608017	-0.4075690131727635	-0.19743555898327148	-0.14211165204106163
10.765163034201773	-0.40579914270001016	-0.1772219506930487	-0.12173503302206905
10.98046629488581	-0.4058105135230525	-0.13521098997003084	-0.07884718570562797
11.200075620783526	-0.40370043454077675	-0.07889972848195682	-0.021670492788134293
11.424077133199196	-0.39205277191630267	-0.016151996574036792	0.04068586606846495
11.65255867586318	-0.3650045123171901	0.04687556113197262	0.1010819600351456
11.885609849380444	-0.32396880544277284	0.10541384989487268	0.15485542256142024
12.123322046368054	-0.2791606121015226	0.15376180228206537	0.19767609576108047
12.365788487295415	-0.24512017587374557	0.18356330409756744	0.2231342319145213
12.613104257041323	-0.23430518308631684	0.1854089802068706	0.22344117316126835
12.86536634218215	-0.253772999792114	0.15382540217815524	0.1940386605265501
13.122673669025794	-0.30419023873033024	0.09223641593042259	0.1385190844104795
13.38512714240631	-0.3761536266054215	0.013430574173380335	0.06856611501528304
13.652829685254435	-0.44429181507976023	-0.06577424852459585	-0.0023519890030598498
13.925886278959524	-0.4720416192050088	-0.13165438774438698	-0.06555778468833127
14.204404004538715	-0.43766187833726466	-0.1766422107131028	-0.11649656617877466
14.48849208462949	-0.360056517485305	-0.19736555495733235	-0.14896909521900317
14.77826192632208	-0.28732620080529947	-0.1926613148254913	-0.15477335460024935
15.073827164848522	-0.2563653427978499	-0.16507579332919473	-0.1311282598655331
15.375303708145493	-0.26996922314253835	-0.12233235534030573	-0.0855104343682753
15.682809782308402	-0.30633551173329193	-0.07351851079203849	-0.030376217639100853
15.996465977954571	-0.3404414323683589	-0.02217638674674613	0.027009314083082284
16.31639529751366	-0.35729712068994646	0.034906410494638024	0.0877394574805602
16.642723203463937	-0.350163367601527	0.0996589938623823	0.15280071400973794
16.975577667533216	-0.32264579710519575	0.1638705591769593	0.21433704123765365
17.31508922088388	-0.30266324991889426	0.209300739005437	0.25779956168122237
17.661391005301557	-0.32164225671526353	0.21576415417468153	0.26716540315763
18.014618825407588	-0.3564610615775308	0.17108805022456164	0.22663628941762992
18.37491120191574	-0.3534965760098792	0.07983693348897923	0.13305178693810704
18.742409425954058	-0.32013843619892446	-0.032901724561269344	0.013099678122714037
19.11725761447314	-0.3037650334050333	-0.12821648106319306	-0.08658859038044216
19.4996027667626	-0.319016860931815	-0.17195000118636433	-0.12900900065852383
19.889594822097852	-0.3603155239474925	-0.15490698049500135	-0.1055881953463044
20.28738671853981	-0.39642672350661684	-0.09692944697342623	-0.0411365799406577
20.693134452910606	-0.37473498135791117	-0.029638636274616163	0.024392743584358053
21.10699714196882	-0.3155798904457687	0.027265617386086287	0.0738557184383043
21.529137084808198	-0.2768520346233843	0.07195775101395249	0.11383112587598669
21.95971982650436	-0.26935910028328636	0.10283485102434553	0.14425877921199867
22.39891422303445	-0.3131879160718592	0.10757392508747426	0.15548828628727612
22.846892507495138	-0.40241229044004034	0.07650197697344785	0.1367808938495672
23.30383035764504	-0.4505891923371861	0.016779166140647783	0.08283965598441757
23.769906964797944	-0.3766521110570478	-0.04709881987231121	0.006848387576168485
24.2453051040939	-0.27554256200989563	-0.09176616618939529	-0.0534946710252312
24.73021120617578	-0.2921733393870896	-0.11404087731164436	-0.07380811692835298
25.224815430299294	-0.35628846519358187	-0.11531209180758896	-0.06575569254618298
25.72931173890528	-0.35855019903251667	-0.06622332742414413	-0.015314409386571762
26.24389797368339	-0.3040800011107915	0.06433234700498741	0.11001760439624839
26.768775933157055	-0.29430220192457	0.2118359984951678	0.25916831957781694
27.3041514518202	-0.2800373118676297	0.2669022719780908	0.313301510624997
27.850234480856603	-0.2891745362047959	0.2183614452501818	0.26508192855609336
28.407239170473737	-0.321421450985553	0.09866446460162447	0.14759393588288483
28.97538395388321	-0.33155102995756813	-0.05684798662035416	-0.009681127806132853
29.554891632960874	-0.34751077757081855	-0.17969326063150842	-0.13275821516558708
30.145989465620094	-0.42686804304146386	-0.2418374104346129	-0.18462410020845368
30.748909254932496	-0.44368768239286	-0.2233317952274355	-0.1632800872790481
31.363887440031146	-0.29486143122260183	-0.08650030238949877	-0.04530176663598392
31.99116518883177	-0.27052174638291876	0.07045800681343609	0.11137696996955845
32.6309884926084	-0.3878711865316846	0.1243709112564221	0.18352651994346825
33.283608262460575	-0.3705035278177022	0.20425592288808844	0.2625430190883385
33.94928042770979	-0.17921536208562006	0.33189580116562895	0.3649458706607325
34.62826603626398	-0.23380033185882804	0.3003159377269193	0.34066840149230915
35.32083135698926	-0.38580804953496656	0.06766235600087628	0.1253356623080772
36.02724798412905	-0.3820686128768932	-0.16128414381675876	-0.10892589076839425
36.74779294381163	-0.35675540193133964	-0.24960966256325134	-0.20278303441833212
37.482748802687865	-0.37297931680521246	-0.1962509951152045	-0.14594674047934447
38.23240377874162	-0.4270975591498613	-0.14499049381282644	-0.0857260683912389
38.99705185431645	-0.35179281127858714	-0.09178402202693928	-0.042393070841039854
39.776992891402784	-0.28653119340815103	0.029963082840762323	0.07237311277196695
40.57253274923084	-0.2880413358906392	0.17650039266179346	0.22218351232629902
41.383983404215456	-0.19380661037452332	0.21627372804561218	0.2490428947261804
42.21166307229977	-0.3766096390194411	0.048360466360486985	0.10429021509999896
43.055896333745764	-0.38054125271018063	-0.05359644611771949	0.0007825606083960712
43.91701426042068	-0.25971177688972014	-0.09544803023398127	-0.05956189673410503
44.795354545629095	-0.5482303303546003	-0.07011178552012212	0.008377808791587893
45.691261636541675	-0.3180572292710141	0.12887513114609156	0.17794337564699136
46.60508686927251	-0.24559969865399814	0.24414743642155265	0.2850504640673764
47.53718860665796	-0.3739851077561594	-0.06674709517311148	-0.013598164774778043
48.48793237879112	-0.29304596667759325	-0.3958896781493274	-0.36140150963695605
49.457691026366945	-0.38859894807079287	-0.0631514175042	-0.007796392108546858
50.44684484689429	-0.14589674131538166	0.3439630621501749	0.3724055673867967
51.455781743832176	-0.5000225944533248	0.11096486330571156	0.18619659298235708
52.484897378708816	-0.2187363269778958	-0.08305798920325372	-0.05288931629404495
53.534595326283	-0.4809179467880761	-0.10857827966662445	-0.04070645991975136
54.60528723280866	-0.2569318637227814	0.18011447529401586	0.22133609032221352
55.69739297746483	-0.36651739560571656	0.05299433506580759	0.10754883723884562
56.81134083701413	-0.273259867001873	-0.2690338186836064	-0.23478829263507495
57.94756765375441	-0.48300828444946375	-0.03047979867032645	0.039323913672921935
59.1065190068295	-0.1315332143730504	0.33922931523659616	0.36547851973342843
60.28864938696609	-0.47023840724052846	-0.18189249191173879	-0.11710548443732298
61.494422374705415	-0.25150198958131326	-0.1129627707723356	-0.07863878834948443
62.72431082219952	-0.3368426192150305	0.23881568874144277	0.2929138975590815
63.97879703864351	-0.4191029909001428	0.027112617146324628	0.08879664950981055
65.2583729794164	-0.3091102553378577	-0.3758202698491248	-0.33857127990087726
66.56354043900471	-0.4775512844834871	-0.00905703802680189	0.06039716933481494
67.89481124778482	-0.1025444481048979	0.4943078044436846	0.5195602823848923
69.25270747274051	-0.38363676262940255	-0.07266400227525217	-0.018230807772532023
70.63776162219531	-0.40943350443015447	-0.18991281547086872	-0.13416027973044756
72.05051685463923	-0.37238970379453873	-0.022873907410230154	0.030956384655426966
73.49152719173202	-0.3450718245028308	-0.0837554249537346	-0.03517735523360785
74.96135773556665	-0.2207728733441996	0.20802574695326106	0.24455566071081647
76.46058489027799	-0.3554527709989359	0.17677136104156235	0.23229096016727308
77.98979658808355	-0.3428612253698358	-0.12538552942365822	-0.0779971325868833
79.54959251984522	-0.3792224478862935	-0.0202210307944106	0.03466097138079034
81.14058437024212	-0.30950458224702493	0.10101633440617394	0.1482569262839937
82.76339605764697	-0.26280865017657246	-0.16458104575854063	-0.12968355606109327
84.41866397879991	-0.26997615863595537	0.06526736984127171	0.10599862984737504
86.10703725837591	-0.4785511535793071	0.19464289739091367	0.2684866676502066
87.82917800354343	-0.35747021845982885	-0.1645249814400609	-0.11582151169467039
89.5857615636143	-0.2754178509443864	-0.008000017579847196	0.03199841864996228
91.37747679488659	-0.3746463271519075	-0.004023647659091439	0.05052844905766399
93.20502633078432	-0.29222922678220115	0.044173807502425916	0.08771085739779749
95.06912685740001	-0.41106913996864264	-0.06390789200931297	-0.005291723514079999
96.97050939454802	-0.28788266420566294	0.14876045097879756	0.19384251557084836
98.90991958243897	-0.3571251732537108	-0.1695213352869604	-0.12097227533927259
100.88811797408776	-0.3321577796495227	-0.09067697112788577	-0.04412639849416132
102.90588033356951	-0.2113206903899078	0.27651531313189276	0.31309364950400204
104.9639979402409	-0.250214456247053	-0.04596761496459541	-0.01043566540699592
107.06327789904573	-0.21770400682307947	-0.26554422616842666	-0.23932789655190295
109.20454345702665	0.010530672954346745	0.5916802977945008	0.602471247526044
111.38863432616718	-0.1982788148840698	-0.28795136216752437	-0.265034688375421
113.61640701269053	-0.2707041780753251	0.190225681754289	0.2336664094268216
115.88873515294434	-0.30440686530929706	-0.27226623884358664	-0.23354578429522221
118.20650985600322	-0.24947995832673267	0.24555688753958405	0.2870551499526406
120.57064005312328	-0.36907270147564364	-0.05190838845210724	0.0008332890870052234
122.98205285418575	-0.4030873510273546	0.04744370911484268	0.10721569174622445
125.44169391126948	-0.40926590013972763	-0.03642887289325719	0.02249680269184358
127.95052778949487	-0.39451996015481616	-0.12195723272145564	-0.06696384754724191
130.50953834528477	-0.3028843833380455	0.2933400943681333	0.3436219855709344
133.11972911219047	-0.30496563653800984	-0.37960181850705477	-0.34303603439749203
135.7821236944343	-0.2575204039882405	0.2522853794130005	0.2950963837323897
138.49776616832295	-0.4236202363733278	-0.14135211671641146	-0.08251900134355969
141.26772149168943	-0.29955757892547563	-0.026766613379587523	0.0163612291016363
144.09307592152322	-0.26154558124062377	0.31845248354571887	0.36322897421717903
146.9749374399537	-0.48406755483894254	-0.22723547518033366	-0.16137636249924475
149.91443618875277	-0.32951247066850253	0.05891623981129128	0.10819756344651649
152.9127249125278	-0.21509200149016763	0.2154586793981462	0.251314985436257
155.97097941077837	-0.32984858737577477	0.05344140147949647	0.10265768300261983
159.09039899899395	-0.3096490116659793	-0.131503402516213	-0.08908590920067871
162.27220697897383	-0.34298586730060054	-0.05837303376329113	-0.009570366318688791
165.51765111855332	-0.30209973053678435	0.002964623040962386	0.04708259672426349
168.82800414092438	-0.3659769081119087	0.025846033106573216	0.07975612456261354
172.20456422374286	-0.35035077210134147	0.10454122156189052	0.15781198460920887
175.64865550821773	-0.4095911778639785	-0.07290297480651478	-0.014689740009820276
179.16162861838208	-0.3772467031878465	-0.22614971084637464	-0.17584601894077992
182.74486119074973	-0.2983126584199862	0.027725557234481085	0.0718071023631141
186.39975841456473	-0.31584823473475643	-0.10284979234891173	-0.058931295457362254
190.12775358285603	-0.24792567689190487	0.13480951658994778	0.17377387606564118
193.93030865451314	-0.2700405791862097	0.2423693975639867	0.28679967781122534
197.80891482760342	-0.43250981992539694	-0.021802961738375783	0.04081715863119516
201.7650931241555	-0.3090604995771357	-0.25472538200516653	-0.21496083794194187
205.8003949866386	-0.3312300164499554	0.05182006990504112	0.10120403209368128
209.91640288637137	-0.32671539894872254	-0.30678218779241045	-0.26552748769139695
214.11473094409882	-0.22608375423340152	-0.31272269447961093	-0.2862672031222317
218.3970255629808	-0.1323814445836209	-0.1411860148601296	-0.12482176283460422
222.76496607424042	-0.299581750268486	0.048461343397684195	0.09315995996595682
227.22026539572522	-0.32189867714145864	0.00926770895660295	0.056404343309661625
231.76467070363972	-0.3564429844936556	0.1422151796129196	0.1971592644268469
236.39996411771253	-0.329345686740557	-0.02724966994417205	0.020212207914988983
241.1279634000668	-0.3329754809945248	-0.024019055031977578	0.0240394722998911
245.95052266806812	-0.2622874272434021	0.15896190509294283	0.20052386125537527
250.8695331214295	-0.2856882869589627	-0.060257162709589716	-0.019849645084524074
255.8869237838581	-0.4271332865450109	-0.22711426940327356	-0.16955554572802767
261.0046622595353	-0.4034167284173529	-0.10829848750634384	-0.05172309976852858
266.224755504726	-0.27730997173162725	0.23076751714841315	0.2760162112998675
271.5492506148205	-0.4000158184695935	0.03834756920201328	0.09748211708720429
276.9802356271169	-0.28130542113189616	-0.48661801300127877	-0.4557321810237371
282.51984033965925	-0.425100498005075	-0.09135404083712659	-0.03126342739549337
288.17023714645245	-0.34509174745604676	-0.11369600066384547	-0.06573878750700207
293.9336418893815	-0.2757319056211891	-0.021712480026650077	0.018046079542551496
299.8123147271691	-0.40223460766793456	-0.022386637389370655	0.035806187949924566
305.80856102171253	-0.33803884281047425	-0.14493851226597926	-0.09866073336165963
311.9247322421468	-0.4394329668424061	-0.042897781996182535	0.020292488543414616
318.1632268869897	-0.40183671679450744	-0.19021683779470522	-0.13557850071622918
324.5264914247295	-0.6500219205296104	0.03611791930017247	0.13166523936282756
331.01702125322413	-0.5792861233976446	-0.016854021908934858	0.0672740789634522
337.6373616782886	-0.3887625424214323	0.04359506764718652	0.10119783565962846
344.3901089118544	-0.35203230538141284	-0.2527678300829956	-0.20669578200826866
351.27791109009144	-0.34689076956491066	-0.19402067304445614	-0.1474745331713329
358.3034693118933	-0.3715414591986057	0.16458070433851013	0.22219259847869244
365.46953869813115	-0.5011853739610372	-0.059856342381395575	0.011986184188309962
372.7789294720938	-0.4206412908965635	0.016520002521259666	0.07820769082953484
380.2345080615357	-0.27836551147326544	0.09010207800576504	0.1325741750540697
387.8391982227664	-0.40253149713611686	0.09923574476999397	0.1600056661183859
395.59598218722175	-0.25789578660893026	-0.16064197859539103	-0.12637888426899274
403.5079018309662	-0.26569815714408196	-0.17371296759897864	-0.13858433984044538
411.5780598675855	-0.500404235208765	0.13273721781752312	0.2084781941566664
419.80962106493723	-0.2801472234812529	-0.1055463865874387	-0.06689046621699427
428.20581348623597	-0.21096062294984017	0.21377060403517478	0.24898924913275933
436.76992975596073	-0.299126236724485	-0.16776686943163774	-0.1276394363558095
445.5053283510799	-0.41049640795792486	-0.16709207795076414	-0.11070910341420766
454.41543491810154	-0.3110916175061616	-0.4196980155524826	-0.3830741966568441
463.50374361646357	-0.25973514814076587	0.07446410241921217	0.11389348032347413
472.77381848879287	-0.4335625362978925	-0.11143421505048254	-0.050527891320591566
482.2292948585687	-0.4368722097861503	-0.05379185021963388	0.00879801682793735
491.8738807557401	-0.26231483984338766	-0.03189566351299005	0.0056940909743167095
501.7113583708549	-0.3985566906719345	0.05736533105946176	0.116683292846191
511.745585538272	-0.32254714419564773	0.10952565840485244	0.1588455681501522
521.9804972490375	-0.29691517507935716	-0.2647524414772712	-0.2269679876423083
532.4201071940182	-0.36572458796819274	0.1295173689678752	0.18555048323340068
543.0685093378986	-0.4624561731530923	-0.040116662728226525	0.026489098716428072
553.9298795246566	-0.32772743650984765	0.31014251056806164	0.36439739736258236
565.0084771151497	-0.28202527931668353	0.28031134686561093	0.32727985315899416
576.3086466574528	-0.34346904308501874	-0.3095745003234596	-0.2659347336302999
587.8348195906018	-0.1816434902373116	0.449561756271557	0.4854173018534891
599.5915159824139	-0.33127458919223035	0.22931175527279338	0.2823999610981768
611.5833463020622	-0.22846993791033662	0.07584880254921952	0.11074751854758577
623.8150132281033	-0.4143255176199908	-0.01717021596695173	0.04289454251998545
636.2913134926655	-0.3281660549092276	-0.3002558052249448	-0.2586535848262022
649.0171397625188	-0.2724109491605228	-0.2165546566119113	-0.18133961520541658
661.9974825577692	-0.22310071967894826	-0.12661717308718407	-0.0967195092399871
675.2374322089246	-0.26922006448001023	0.13597061402840027	0.1780645945573267
688.742180853103	-0.4761553930238252	-0.05023412404767964	0.018158659850634827
702.5170244701651	-0.2370134992788395	0.2808139425223901	0.3212287016364373
716.5673649595684	-0.30258073445807726	-0.2681221337465418	-0.22958165442445844
730.8987122587598	-0.2953952162249687	0.23454743395194524	0.2825123078587521
745.516686503935	-0.3097666717164634	-0.1853662688031705	-0.14405375977791893
760.4270202340138	-0.21531022876965233	0.23094743492055497	0.2671582481769742
775.6355606386941	-0.3739234086250048	-0.17865675088659277	-0.12784826943891692
791.1482718514679	-0.3600324015054848	-0.05632872535997349	-0.0049975152520897355
806.9712372884973	-0.38941652316953057	-0.1887567629848361	-0.13589928591813033
823.1106620342673	-0.28453599629808113	-0.00317647962350584	0.038252176511141274
839.5728752749526	-0.36955235776080925	0.04584174981053904	0.10068983843837662
856.3643327804517	-0.38994795230300805	-0.1662865598423881	-0.11288345346158252
873.4916194360608	-0.3519788732980303	-0.05771213028418237	-0.007584213975806636
890.961451824782	-0.22709131210955605	0.23877410671873628	0.2768660502913535
908.7806808612777	-0.28678166617152046	0.1504453262452497	0.19540193019203916
926.9562944785032	-0.2993297679229438	0.09741783140749147	0.14309962738391016
945.4954203680733	-0.2381921440222414	-0.005598637905392612	0.02902107814148866
964.4053287754348	-0.4303134852803858	0.06110219712377064	0.12512920950057213
983.6934353509434	-0.3195196558097564	-0.2781442232377311	-0.23734227808292757
1003.3673040579624	-0.34135384237757965	-0.14505808006084508	-0.0982993547153824
1023.4346501391217	-0.4185079551795555	0.1489616134161407	0.21309739049266213
1043.903343141904	-0.2938858083010939	0.15012611406882537	0.1961120884891687
1064.7814100047422	-0.46750631733527387	-0.1353356189476734	-0.06997710639768909
1086.077038204837	-0.27481705887164437	0.0526078677628156	0.09378135275998907
1107.7985789689337	-0.29965390866663455	0.3277137208439271	0.3782406183753931
1129.9545505483125	-0.2682915674847087	-0.015107448573813992	0.02370366650575159
1152.5536415592787	-0.424589349243487	0.08497583773827255	0.14866544778916177
1175.6047143904643	-0.266992584665818	0.0557629448859257	0.09586109150148095
1199.1168086782736	-0.3111361705362816	0.012576737667762766	0.05821277790571561
1223.0991448518391	-0.4027749670677543	-0.32593128782239905	-0.2739835069546516
1247.561127748876	-0.344149204310435	0.14679880562818742	0.20004553970737976
1272.5123503038535	-0.45079371468160967	0.08969302678097264	0.15730238156331097
1297.9625973099305	-0.3580784211151539	0.21485850672496498	0.2715544953610284
1323.9218492561292	-0.12952314907641616	0.22967952833851077	0.2533533110858738
1350.400286241252	-0.32793867049195163	-0.26421523444218953	-0.2218953290463255
1377.4082919660768	-0.33398392114752007	0.10830874932996484	0.15927117010835246
1404.9564578053985	-0.2689908986962575	0.03850185384433877	0.07853181519263336
1433.0555869615064	-0.10836616184638166	0.5448459834439486	0.5720003400349616
1461.7166987007367	-0.4272577425795848	-0.02285561786747961	0.03897664421980403
1490.9510326747513	-0.4287356290425549	0.08411887782193432	0.1483953003452639
1520.7700533282464	-0.33971986894941303	-0.053583462121696485	-0.0051573033607757585
1551.1854543948114	-0.20675421212484463	0.23653992231570029	0.2716194932988172
1582.2091634827077	-0.22412172875556616	0.3062327678169475	0.3452970359233206
1613.8533467523619	-0.41771924138806366	0.12920365387966695	0.1928127860379193
1646.1304136874091	-0.5435828281707111	0.09065114195346659	0.17181220318572588
1679.0530219611574	-0.3798546138860943	0.10043375746165964	0.15792159193383298
1712.6340824003805	-0.16595563251029502	0.26582291599279334	0.2955627564837279
1746.8867640483882	-0.2745377911142655	-0.026792248024808507	0.012686341345505045
1781.8244993293558	-0.485479359924668	0.0011032124732907878	0.0719252693888318
1817.4609893159432	-0.13713078067219484	0.37814082169614427	0.406016994329509
1853.810209102262	-0.3021874877278019	0.058108186264410014	0.10338778210522298
1890.8864132843073	-0.49681791624134225	-0.12304389653163995	-0.05315469825751999
1928.7041415499934	-0.2897742019259094	0.03001768105935962	0.07290178719562473
1967.2782243809934	-0.3250622391087253	-0.0878714088841798	-0.04229715336591106
2006.6237888686132	-0.41067573004740043	-0.09798737089844091	-0.04013856382691258
2046.7562646459855	-0.39212222261098084	0.04412632822696021	0.10223011752912323
2087.691389938905	-0.4222023692547103	-0.1557240721540473	-0.09739714480761129
2129.4452177376834	-0.3306903993343018	0.09468102732952607	0.14487923196847696
2172.034122092437	-0.3256583468372355	-0.06528057539231347	-0.019148745132556433
2215.474804534286	-0.1541840728320887	0.32160454759092866	0.3507898196204193
2259.784300624972	-0.40882987946187443	-0.35998671867871035	-0.3078654178963269
2304.979986637471	-0.2230119094326486	0.0029893849032404385	0.035574233880985795
2351.0795863702206	-0.30136934588244885	0.05661195760391027	0.10174106966184887
2398.101178097625	-0.32178831385434065	0.0026719786791137845	0.04965510733868672
2446.0632016595778	-0.18968947379225762	0.18056850923362333	0.21199340143736134
2494.9844656927694	-0.1790529188796043	0.08104534183659165	0.10884567046146293
2544.8841550066245	-0.25325582790285456	0.10947664416139605	0.1486905491505914
2595.7818381067573	-0.26562609527064346	0.17729109458729658	0.21972179795150076
2647.697474868892	-0.3052283682864777	-0.3830030079993189	-0.3464697669575268
2700.6514243662705	-0.3241830937558788	0.0035003614406066974	0.05084998681001826
2754.664452853596	-0.23844575018070163	0.048203169438689464	0.08398074070334782
2809.757741910668	-0.31832407689835224	-0.16445778291873503	-0.12146172551519892
2865.952896748881	-0.29607072578557037	0.20325017139513535	0.2506615308095963
2923.271954683859	-0.30741443701747695	-0.2719071647186171	-0.23274062525187278
2981.737393777536	-0.38466892647847994	-0.24733405710697687	-0.19638929818526057
3041.3721416530866	-0.2824571205014268	-0.46544808578432184	-0.43395325749837055
3102.1995844861485	-0.13593084186424476	0.3245822957773839	0.35116767471128174
3164.2435761758716	-0.4604652231243571	0.16242903756868726	0.2329641542236703
3227.528447699389	-0.515080660841463	-0.05595449642584848	0.017995714604659686
3292.079016653377	-0.19688037363529823	0.22654766190169828	0.2599791260131314
3357.9205969864443	-0.31379782125435024	-0.09275118249840897	-0.04892131653419976
3425.0790089261736	-0.35720401119676753	-0.3722591443735241	-0.3279222915817772
3493.580589104697	-0.32187547944385936	-0.45864174936127017	-0.42125661172073375
3563.452200886791	-0.2653949869699139	0.08269646146368671	0.12312274001062598
3634.721244904527	-0.37387408871818745	0.035395702741169245	0.09065641781967933
3707.4156698026172	-0.1566441635539703	0.36571151852107925	0.39617444900855575
3781.56398319867	-0.24472086817747707	0.20070902596491258	0.24057892394839694
3857.195262862643	-0.3448508196411614	0.06613946082375041	0.11780811078858125
3934.3391681198964	-0.22220048155433458	0.2556025068207949	0.29333179593956854
4013.025951482294	-0.3189358211438996	-0.2242088555723604	-0.18236839947996575
4093.28647051194	-0.4143806487972493	-0.32259708073104965	-0.2688873419633476
4175.152199922179	-0.41682393888981567	-0.086258189073525	-0.027268410257791965
4258.6552439206225	-0.4442882260454368	-0.1426713484049422	-0.08085163519841895
4343.828348799036	-0.34270638450111013	-0.14288227647775512	-0.09588097616462982
4430.704915775016	-0.19010631807370398	0.19153873702514893	0.22325296543225476
4519.319014090516	-0.2995603381848633	0.19116760959590554	0.2388361507811128
4609.705394372327	-0.44160748902509617	-0.14069726220631587	-0.07922736301945424
4701.899502259774	-0.2794677483844797	0.29494233568430017	0.341842680983793
4795.937492304969	-0.3939752389862806	-0.3169283104736737	-0.26607626125637596
4891.856242151069	-0.3029593117772202	-0.09023502723525098	-0.047933357335140744
4989.69336699409	-0.34156841370475044	-0.33188923918809443	-0.28899153800590366
5089.487234333972	-0.329550977861535	0.12411991049886859	0.17476525957240224
5191.276979020651	-0.2605203170986126	0.17383909509191472	0.21545328914987733
5295.102518601065	-0.32554127385663567	0.1321344607517342	0.18236203112148808
5401.004568973086	-0.26885905506118873	-0.2847435317334137	-0.25146707644810307
5509.0246603525475	-0.44637715312667886	-0.14904695452952244	-0.08705543125124678
5619.205153559598	-0.2424973122243905	-0.1939075633804172	-0.162583112918119
5731.589256630791	-0.3525960967002222	-0.08584526620794668	-0.03621344515182974
5846.221041763407	-0.2969888421165366	0.1314480307387901	0.17749740418784313
5963.145462598675	-0.4295290230825337	0.28850098530351653	0.3571510716968759
6082.408371850649	-0.2559433086284015	0.28396013436692175	0.32720103634120784
6204.0565392876615	-0.37893127713559194	0.1266305697059817	0.1845295178237968
6328.137670073415	-0.29328164081064517	-0.13858776797066755	-0.09870477385183729
6454.700423474884	-0.2732032715273802	0.17751691254989382	0.22105732532575956
6583.794431944381	-0.3699488011801314	-0.15513616295980315	-0.10441729951603
6715.470320583269	-0.30069410818491926	0.04941306329795875	0.09429372622696694
6849.779726994934	-0.3531203781080261	0.12893873099205952	0.18312167636181453
6986.775321534833	-0.15809283969428506	0.3748422676436328	0.40570668734162507
7126.51082796553	-0.3240147609234579	0.05886879910242117	0.1073473850517259
7269.041044524841	-0.33871088615541955	-0.27271250803464925	-0.22899868105437227
7414.421865415337	-0.06978165550332834	0.6767622570994493	0.7010379622165898
7562.710302723644	-0.34799066950307844	-0.015091951157807804	0.03534227249560347
7713.964508778117	-0.2870661389856837	0.08326122261453331	0.12685964335441496
7868.24379895368	-0.31780542568221287	-0.2603969435572296	-0.21947525530268247
8025.608674932754	-0.4475098176718498	-0.026518358413795726	0.03819102419639497
8186.120848431409	-0.2144226388273328	-0.23162616405490166	-0.2051817409770592
8349.843265400037	-0.2442401940829048	-0.1343927908228564	-0.10157427899457552
8516.840130708038	-0.494579207020348	0.001107766067331116	0.0732569788842013
8687.1769333222	-0.401557091696438	0.015603111982953631	0.07448858602166236
8860.920471988644	-0.29511901423234455	-0.024270134607026095	0.018262427164211073
9038.138881428416	-0.30036535018616706	0.09357390687821983	0.1393266435069988
9218.901659056984	-0.34061612163670824	0.130531043676542	0.18292362482515662
9403.279692238124	-0.34199345124838865	-0.1384900220623294	-0.09150118588157122
9591.345286082887	-0.3358497867364485	0.16845365060601533	0.22094119555937275
9783.172191804546	-0.2524004624788571	-0.38231912298877635	-0.3534757039395425
9978.835635640637	-0.2598367207685683	0.288860570669493	0.3327713543371903
10178.41234835345	-0.1920389657707483	0.4345395092974092	0.4715980982493393
10381.980595320518	-0.30126290266430183	0.10234413769711684	0.14841048053768408
10589.62020722693	-0.2646206516421333	0.32751815556514347	0.37293196217056174
10801.412611371468	-0.3335657599516086	0.2265382701195475	0.27990282407331435
11017.440863598897	-0.3296639854380877	-0.2517968363514944	-0.2089666058990961
11237.789680870876	-0.27482137830904085	-0.21255487866324058	-0.1769049876319897
11462.545474488294	-0.30083249703134346	-0.0431283826102925	-0.00015548476426929803
11691.796383978059	-0.36991423480031677	-0.026171662752471264	0.027228920181898403
11925.63231165762	-0.3618713663257981	-0.05681169781574888	-0.005222367264398094
12164.144957890774	-0.1880045706883907	-0.16219383758291478	-0.13815554264050184
12407.42785704859	-0.38917525813476733	0.0385339954840884	0.09609151220132713
12655.576414189562	-0.3637667484542369	0.008685703713019625	0.0619159733566171
12908.687942473352	-0.2066371228714375	0.4782471976454661	0.518345261348498
13166.86170132282	-0.08137826372159732	0.48604338547404474	0.508036952797487
13430.198935349275	-0.5052096757384423	0.0695436061570546	0.14466884233051613
13698.802914056261	-0.27355170171751436	0.007220930484765825	0.04726432303700254
13972.778972337388	-0.28858450765014576	0.02655676255474826	0.06919526914028509
14252.234551784135	-0.35058694904280996	0.029414680765861845	0.08115475001722713
14537.279242819819	-0.16266561019099735	0.5492620281160638	0.5844270551880022
14828.024827676216	-0.45387818555741166	0.07766320534785912	0.14547175751972868
15124.58532422974	-0.2793816997733377	0.29772886494657336	0.3446747141832387
15427.077030714334	-0.5921383588766006	-0.05819630286233237	0.02694478483087334
15735.618571328621	-0.42484813556826023	-0.027987903122561043	0.033386035332756886
16050.330942755194	-0.1450045365861357	0.26799984847092173	0.2947296735662107
16371.337561610299	-0.09485827232326033	0.5747408559401953	0.6005481218194249
16698.764312842504	-0.4839933705040184	-0.12922107577433486	-0.06133081498779751
17032.739599099354	-0.3574556686608352	0.10196094423101006	0.1562140822488613
17373.394391081343	-0.45604382804455956	-0.05952385510851042	0.005742456166560526
17720.86227890297	-0.4353930303657551	0.05684501610835341	0.12152410420561668
18075.27952448103	-0.38641294559930606	0.05225083160776871	0.10969127849949603
18436.78511497065	-0.37022123889502884	-0.06875358035038141	-0.016195349268822642
18805.520817270062	-0.20640318113188585	0.3614176197761895	0.3990476174365935
19181.631233615466	-0.2722039302905672	0.09123689343735596	0.1328340685513419
19565.263858287773	-0.38121463531624517	-0.10917121475487838	-0.055851814078652626
19956.56913545353	-0.23338094179783672	0.22186540491874407	0.26052232153340243
20355.7005181626	-0.3855235449803935	-0.15628735690988937	-0.1033211598692047
20762.814528525854	-0.35162187067761547	0.05745937105444439	0.10993463075856427
21178.07081909637	-0.16955201466886272	0.12175348218496856	0.14901634853636453
21601.6322354783	-0.332339197634942	-0.16841072123336612	-0.12345314493729886
22033.664880187865	-0.2850329704540757	0.013745197004068233	0.05559886346620582
22474.338177791622	-0.3243869948628222	-0.20323137547613362	-0.16015892571439153
22923.824941347455	-0.3989734573929836	0.1342045913829646	0.19518414957325317
23382.301440174408	-0.2983168966849382	-0.4286323495803871	-0.39405764276342503
23849.947468977894	-0.3796073391705421	-0.13009735625313856	-0.07744831421270815
24326.946418357453	-0.1886042617256743	0.4319432672517588	0.4684468734878312
24813.485346724603	-0.22151901758881068	0.3226050861662272	0.3616308821930585
25309.755053659093	-0.41057416568308264	-0.29926887747357533	-0.24562824659215862
25815.950154732276	-0.29191207284806575	-0.22565569263569504	-0.18778634227526256
26332.269157826922	-0.4645128432443565	-0.11367841422435854	-0.04830525821423062
26858.914540983464	-0.1809033897746884	0.4711492479731847	0.5073466016481014
27396.092831803133	-0.37076346331659615	0.3028831179123169	0.36326285460249386
27944.014688439194	-0.2165762479745036	0.3789779283028124	0.4184573379720694
28502.894982207978	-0.2527651023882427	0.28319887656919646	0.3259604305960067
29072.95288185214	-0.4976820168501472	-0.1493179440550767	-0.079850107098911
29654.411939489182	-0.28195221464878834	-0.2724375883312103	-0.23699534011849538
30247.500178278966	-0.39822704351581667	-0.07310732482495974	-0.016555616912756456
30852.450181844546	-0.24141997716829292	0.09487370256322666	0.13205731803700327
31469.49918548144	-0.34840352896754934	0.14304464229394412	0.19683358698283557
32098.88916919107	-0.27320063460990096	0.00015740010957424055	0.040002438492467624
32740.86695257489	-0.39905327503526034	-0.01755676882921453	0.04027273442948562
33395.684291626385	-0.41898159587960737	-0.08945668188534889	-0.030218880025517578
34063.597977458914	-0.305203612945241	-0.29594458739834056	-0.257601239414625
34744.869937008094	-0.36239238404285495	-0.10950732205131371	-0.058939835254466375
35439.767335748256	-0.1875462015727603	0.38743773395334424	0.4228598411400664
36148.56268246322	-0.320490124453364	-0.0220932024155929	0.024184665683531142
36871.533936112486	-0.2950240937624241	0.00836002826915569	0.05155854253178328
37608.96461483474	-0.09795134615934331	0.3992927479325047	0.4218959181626694
38361.14390713144	-0.1624940489790631	0.2659095455827692	0.295146376591857
39128.36678527406	-0.30019460574526646	0.24097312287762546	0.2897717762754274
39910.934120979546	-0.33990168870635745	0.21760222397380347	0.2717045999096015
40709.152803399134	-0.29017832158636225	-0.050614115430619694	-0.009350904270746474
41523.33585946712	-0.5589305894989858	-0.16731733298932516	-0.08929239979133397
42353.80257665646	-0.22522392606601818	-0.044984652307749895	-0.013076676679533633
43200.878628189595	-0.39188619701096733	-0.0068139296337031835	0.050194183896360725
44064.896200753385	-0.3195474273705378	-0.373790998100731	-0.3349776440696261
44946.19412476845	-0.42229746792606454	-0.12126514571867014	-0.062206455515257914
45845.11800726382	-0.4055793139072901	-0.18930475588772522	-0.13410162169057296
46762.0203674091	-0.3437324161635861	-0.007088376415092912	0.042891593100115616
47697.260774757284	-0.41188446335319007	0.10978278823922119	0.17213641389987852
48651.205990252434	-0.43861039695825355	0.03473004199145498	0.09941760075602227
49624.230110057484	-0.403445766952527	-0.006223057683361399	0.052483136295478766
50616.71471225863	-0.3429706451111828	-0.2954189103612484	-0.25155691858172696
51629.0490065038	-0.41380359159683644	-0.03626291739705284	0.023327962265047224
52661.62998663388	-0.2811012195318708	0.027543854199178014	0.06911161234339203
53714.86258636656	-0.2932272105260142	-0.13343020934659697	-0.0934477038396074
54789.159838093896	-0.30365554059731353	-0.4313000582634891	-0.39600237647353687
55884.94303485577	-0.39792770346275996	-0.17210962366456406	-0.11766411740259013
57002.641895552886	-0.3416310454444095	0.31214607203240086	0.36847030932705227
58142.69473346395	-0.34113222072369015	0.10379191703981785	0.1557026975003522
59305.54862813323	-0.38503111491322994	-0.0975269003842263	-0.043408339884051725
60491.65960069589	-0.40634871134053013	-0.17817890871036374	-0.12263178223800236
61701.49279270981	-0.33295379523565094	0.11374180905088957	0.16466719187798223
62935.52264856401	-0.24456091075518116	0.2981654611293644	0.3400423743880234
64194.23310153529	-0.3259414804878179	-0.15360356855839355	-0.10927051033221999
65478.117763566	-0.24176087339515367	0.0954863489351658	0.13273244190810835
66787.68011883732	-0.20610449916341722	0.3880480244227862	0.4261892643929259
68123.43372121407	-0.32867378873540065	0.22915603700858383	0.28186171530350856
69485.90239563835	-0.2380572942721761	0.14604839954537452	0.1838077632839288
70875.62044355112	-0.20328623670250576	0.33601404352801223	0.37266024562062794
72293.13285242215	-0.31902039254048964	0.23354027849930825	0.28492950821353186
73738.99550947058	-0.2668863659270534	-0.02556597232189528	0.012822331619093921
75213.77541966	-0.33490012010033676	-0.39101807289034285	-0.3503246818942593
76718.0509280532	-0.2767210186256679	-0.11397908926255607	-0.07599850507261605
78252.41194661426	-0.3575949305140904	-0.22384428228733597	-0.1763584441350171
79817.46018554654	-0.302544704073204	0.11501297176583943	0.16153017802163672
81413.80938925748	-0.18068876519337254	0.2142485934624078	0.24506255075024141
83042.08557704263	-0.2777993590771945	0.11562638098770968	0.1585476704570445
84702.9272885835	-0.3845526943193639	-0.08569055662486333	-0.03139517529964074
86396.98583435516	-0.2820938923737603	0.4044219390537205	0.4539860887551797
88124.92555104227	-0.3882013735328435	-0.06460889004811868	-0.009342208283914806
89887.42406206312	-0.4794072782812307	0.07954056322001896	0.1511112197031155
91685.17254330438	-0.19355347421773333	0.34017468145159613	0.37548820230525715
93518.87599417046	-0.09343068273344503	0.5435643361372485	0.5685139010387352
95389.25351405388	-0.2448597889922009	-0.15647591167966524	-0.12402710727829569
97297.03858433495	-0.294108634595646	-0.3685228925187702	-0.3333096102343795
99242.97935602165	-0.13997660971194906	0.5108052885811878	0.5418603210096218
101227.8389431421	-0.34766692533485216	-0.12957915024890337	-0.08157728926775622
