1.0	-0.5908688745982076	0.15329025731080953	0.24265218188369
1.02	-0.6041803378696552	0.12845407061547184	0.21923982969261888
1.0404	-0.6168755569771607	0.10318347106104635	0.19529414543398743
1.061208	-0.6288679610819162	0.0774887196280416	0.1708129789447386
1.08243216	-0.6400672927307312	0.05138129180717741	0.1457948822430585
1.1040808032	-0.6503800242859414	0.024873920311986146	0.12023921386018568
1.126162419264	-0.6597098827394965	-0.0020193577738835396	0.09414626350533717
1.14868566764928	-0.6679584933969309	-0.029283147773088655	0.06751740026869113
1.1716593810022657	-0.6750261524836766	-0.05690063618155575	0.04035524780186476
1.195092568622311	-0.6808127379324442	-0.08485351918899914	0.012663890109711523
1.2189944199947573	-0.6852187663941147	-0.11312191840792717	-0.01555088827561729
1.2433743083946525	-0.6881466028133607	-0.1416842809641867	-0.04428132390732556
1.2682417945625455	-0.6895018266643065	-0.17051726081980684	-0.07351735403167478
1.2936066304537965	-0.68919475609732	-0.19959557795280808	-0.10324625056263248
1.3194787630628724	-0.6871421277623521	-0.22889185182888436	-0.13345220510997644
1.3458683383241299	-0.6832689259193835	-0.2583764054902281	-0.16411586224136443
1.3727857050906125	-0.6775103496159406	-0.28801703658482647	-0.1952137988613523
1.4002414191924248	-0.669813901226048	-0.31777875179644993	-0.22671794853007746
1.4282462475762734	-0.6601415735587031	-0.347623461445739	-0.2585949707485478
1.4568111725277988	-0.6484721061510557	-0.3775096315532774	-0.290805566730275
1.485947395978355	-0.6348032744009264	-0.4073918914249586	-0.32330374497951
1.5156663438979219	-0.6191541680530841	-0.4372205958770232	-0.35603604211671985
1.5459796707758804	-0.6015674084721708	-0.4669413425997787	-0.38894070683508236
1.5768992641913981	-0.5821112473995784	-0.4964944468977044	-0.42194685762896805
1.6084372494752261	-0.5608814838324022	-0.5258143781644522	-0.4549736279839862
1.6406059944647307	-0.5380031306425823	-0.5548291649678214	-0.48792931601927453
1.6734181143540252	-0.5136317589520704	-0.5834597785302889	-0.5207105590691595
1.7068864766411058	-0.4879544464665881	-0.6116195076724957	-0.5532015573059623
1.741024206173928	-0.4611902562812011	-0.6392133418918484	-0.5852733741402537
1.7758446902974065	-0.4335901753689653	-0.6661373830960893	-0.6167833446692838
1.8113615841033548	-0.40543644720249394	-0.692278310485442	-0.6475746267368582
1.847588815785422	-0.37704124073988154	-0.7175129270177949	-0.6774759320560997
1.8845405921011302	-0.3487446081446825	-0.7417078195945684	-0.7063014771483558
1.922231403943153	-0.3209116956989561	-0.7647191683172342	-0.733851195367745
1.960676032022016	-0.2939291857671413	-0.7863927425847587	-0.7599112517975662
1.9998895526624565	-0.2682009615033348	-0.8065641230845662	-0.7842549020962583
2.0398873437157055	-0.24414299919349078	-0.8250591884914166	-0.8066437342026035
2.08068509059002	-0.22217750448622628	-0.8416949035240149	-0.8268293279431909
2.12229879240182	-0.2027263170744865	-0.8562804405092034	-0.8445553617797824
2.1647447682498564	-0.18620361257341916	-0.868618659384388	-0.8595601879546058
2.2080396636148536	-0.1730079296807955	-0.8785079608087006	-0.8715798869137661
2.252200456887151	-0.1635135450999647	-0.8857445135396738	-0.8803517989113386
2.297244466024894	-0.15806120894938197	-0.8901248404188769	-0.8856185149558183
2.343189355345392	-0.15694824148593214	-0.8914487273842503	-0.8871322906547237
2.3900531424522997	-0.1604179814446197	-0.8895223973847777	-0.8846598250362867
2.437854205301346	-0.1686485723950247	-0.88416186679933	-0.8779873222167086
2.4866112894073726	-0.18174108333106173	-0.875196377308122	-0.866925727182928
2.53634351519552	-0.19970699208390738	-0.862471773020185	-0.8513159986125355
2.587070385499431	-0.2224551252382492	-0.8458536734916027	-0.8310342525920998
2.6388117932094195	-0.2497782566492822	-0.8252302811264499	-0.805996582888564
2.691588029073608	-0.28133972800732515	-0.8005146599014668	-0.7761633383150123
2.74541978965508	-0.3166606756221475	-0.7716463353187929	-0.7415426187763711
2.8003281854481816	-0.35510872807221083	-0.7385920969602064	-0.7021927428030131
2.856334749157145	-0.3958893703057964	-0.7013459386093817	-0.6582234458274817
2.9134614441402884	-0.4380415283186115	-0.6599281492488523	-0.6097955961450725
2.971730673023094	-0.48043927452425694	-0.6143836721516446	-0.5571192711200166
3.031165286483556	-0.5218018275848821	-0.564779976846105	-0.5004501265076038
3.091788592213227	-0.5607141426612582	-0.5112048342171281	-0.44008412245855183
3.153624364057492	-0.5956602650716964	-0.45376453791899096	-0.37635084380268075
3.2166968513386416	-0.6250711547189007	-0.39258325959557255	-0.3096058674406404
3.2810307883654146	-0.6473877969259596	-0.3278043393636202	-0.24022287604865988
3.346651404132723	-0.6611390527672084	-0.25959436968107225	-0.16858647385421
3.4135844322153774	-0.665031891307379	-0.18815089971490168	-0.09508689264330268
3.481856120859685	-0.6580495051656772	-0.11371443790606937	-0.020117935859117787
3.551493243276879	-0.6395505705227047	-0.03658513607840182	0.05592046512119259
3.6225231081424165	-0.6093609159485018	0.042855917275192806	0.13261388246091585
3.694973570305265	-0.5678475353699326	0.1241214835921936	0.2095184467418128
3.76887304171137	-0.5159646591702326	0.20659048361453852	0.286139298152167
3.8442505025455977	-0.4552628424264704	0.28948011066768076	0.36190344416045106
3.9211355125965097	-0.38785490265074324	0.3718208674151533	0.43612930878953576
3.99955822284844	-0.3163369002220323	0.452438370154873	0.5079966341488125
4.079549387305409	-0.243667696904404	0.5299462381927202	0.5765216572869608
4.1611403750515175	-0.17301609682486946	0.6027544612536273	0.6405433599833714
4.244363182552547	-0.10758908468261044	0.6690971771220124	0.6987267764949351
4.329250446203599	-0.050457127989434025	0.7270826889591329	0.7495885761442406
4.41583545512767	-0.004392069984839306	0.7747667598538734	0.7915482442236181
4.504152164230224	0.02827047819510832	0.8102477789608019	0.8230051629523654
4.594235207514829	0.04573866320473867	0.8317794452822305	0.8424379620082526
4.686119911665125	0.04684399183882931	0.8378934328480584	0.8485181305558971
4.779842309898428	0.031102333763604217	0.8275214853028243	0.8402257592394409
4.875439156096396	-0.0012301409681691605	0.8001040548546492	0.8169522848886457
4.972947939218325	-0.04909356340994679	0.7556715411627186	0.7785741762675592
5.072406898002691	-0.1105487160187957	0.6948849896711864	0.725483448042077
5.173855035962745	-0.18269883522143374	0.6190262468184273	0.6585662070969369
5.277332136682	-0.26163769714842994	0.529933236512902	0.5791290097744003
5.38287877941564	-0.34247190873532246	0.4298839592128188	0.48878369505365366
5.490536355003953	-0.41947739557324804	0.3214421469430777	0.3893126451921573
5.600347082104032	-0.48644703327036964	0.2072866612610168	0.28254532572255026
5.712354023746113	-0.537261389158797	0.09005350284785643	0.17028023674284468
5.8266011042210355	-0.5666653783571841	-0.02777878176203977	0.054281194628340475
5.943133126305456	-0.5711659806210101	-0.1439346390502974	-0.06363823852328129
6.061995788831565	-0.5498955155057141	-0.2563055161406519	-0.1814521183823321
6.1832357046081965	-0.505235135217732	-0.36284000569281194	-0.2967190485921596
6.30690041870036	-0.44298989797530564	-0.4613911035260766	-0.40640072472813765
6.433038427074368	-0.3719668781341265	-0.5495716498718084	-0.5067758895162443
6.561699195615856	-0.3029276745091888	-0.6246782661528586	-0.5935154441651199
6.692933179528173	-0.24703701072898246	-0.6837360405118874	-0.6619543106245753
6.826791843118737	-0.21406215157502434	-0.7236886476136062	-0.7075480973341984
6.963327679981111	-0.21064802859830112	-0.7417159698125695	-0.7264488816797456
7.102594233580733	-0.23898008764546588	-0.7356152383905199	-0.7160892930753587
7.244646118252348	-0.2960659813845726	-0.7041487583558557	-0.6756422352030192
7.389539040617396	-0.37375747787865665	-0.6472579850691346	-0.6062362275674377
7.5373298214297435	-0.45953663393680394	-0.5660802684044245	-0.5108578482137329
7.688076417858339	-0.5380324721168006	-0.46277822898088744	-0.3939563732342893
7.841837946215505	-0.593217057810695	-0.3402820409946966	-0.2608604292513597
7.998674705139815	-0.6112052606613	-0.20211378253934412	-0.1171903858291409
8.158648199242611	-0.5834407939398388	-0.05246407826694979	0.0315280358853819
8.321821163227465	-0.5096933854869028	0.10340866653512237	0.17989329913811075
8.488257586492013	-0.3998175903619084	0.2585780983023068	0.32227187394471646
8.658022738221854	-0.2730522696154377	0.40398412286613383	0.4522205814114296
8.831183192986291	-0.15426355592802402	0.5285535115782449	0.5620618116422953
9.007806856846017	-0.06792655314948298	0.6202665362109236	0.6430947113829508
9.187962993982937	-0.031942426687114125	0.6681967835897032	0.6867758204730262
9.371722253862597	-0.053499331120279284	0.6650767634264299	0.6867345151195212
9.55915669893985	-0.12790024642790143	0.6095345073401166	0.640885262180438
9.750339832918646	-0.23968604228644894	0.5070433681333858	0.5525609861362718
9.945346629577019	-0.3649143085239799	0.36897989557577004	0.42988364672667895
10.14425356216856	-0.4744917655240297	0.20995007582024255	0.2835207515387519
10.347138633411932	-0.5397723725778552	0.04442302030111797	0.12406530422499512
10.55408140608017	-0.54122691041552	-0.1157960735813105	-0.03927956734532454
10.765163034201773	-0.4780595298757581	-0.2620640149929506	-0.1978066671984222
10.98046629488581	-0.373286180882818	-0.3873711861131989	-0.34100385111181303
11.200075620783526	-0.2688840894693659	-0.48418768400328177	-0.4550626643724009
11.424077133199196	-0.21064323593969156	-0.5436598663196925	-0.5242673082934811
11.65255867586318	-0.22873356292110011	-0.5572299368641176	-0.535481915956126
11.885609849380444	-0.3225529026144856	-0.5198165887010279	-0.4836071360010201
12.123322046368054	-0.45648214137984283	-0.432233190787055	-0.3746677366438916
12.365788487295415	-0.5704089604454896	-0.3010337884570191	-0.2241206856515733
12.613104257041323	-0.6051961566672586	-0.13648375242382207	-0.05106939108534327
12.86536634218215	-0.5340755659699863	0.04831580306650682	0.12720840233434874
13.122673669025794	-0.3810366279133707	0.23498211644984446	0.2954454187799161
13.38512714240631	-0.21154184269665213	0.3964659912474681	0.43557555145838545
13.652829685254435	-0.10003741291528653	0.4990598350234983	0.5240457043033004
13.925886278959524	-0.09409257434660133	0.5137333534931157	0.5381579654497682
14.204404004538715	-0.19390039791892166	0.4319871740182456	0.4692640481734685
14.48849208462949	-0.35288252357043637	0.2741616247374161	0.3313353599401342
14.77826192632208	-0.4944935565686351	0.08111407586407078	0.1549175961108315
15.073827164848522	-0.542911429256953	-0.10623515013513762	-0.029273798996314025
15.375303708145493	-0.4685155207125174	-0.2624811708035438	-0.19962434842470878
15.682809782308402	-0.3241610660538568	-0.37560933467166124	-0.33616104034446675
15.996465977954571	-0.22123577563563626	-0.4344317255303732	-0.41121883586539243
16.31639529751366	-0.2433405107531103	-0.4249142851087442	-0.39827950823034763
16.642723203463937	-0.37578078645969987	-0.34148645158155644	-0.2937993879641325
16.975577667533216	-0.5130372994642556	-0.19775484774358407	-0.12705680089970484
17.31508922088388	-0.5347992266450708	-0.02133100132052647	0.05621615670436875
17.661391005301557	-0.4070948247723644	0.15758796907700034	0.22023904704540764
18.014618825407588	-0.2282657062994766	0.3034056461838967	0.34301534598140154
18.37491120191574	-0.1489851512489743	0.36898087237927324	0.39839497511098354
18.742409425954058	-0.2333298101234352	0.3184236229316636	0.3590847123857409
19.11725761447314	-0.40329802425556116	0.1673837648642923	0.22968522183623438
19.4996027667626	-0.51395374000686	-0.01582598742572247	0.05879589158724208
19.889594822097852	-0.4738817417346555	-0.16448431802321123	-0.09880332064572422
20.28738671853981	-0.33022966948913784	-0.25703837906329535	-0.2142348518266149
20.693134452910606	-0.26045559153838327	-0.2954203797857568	-0.263591863931946
21.10699714196882	-0.37123856260230337	-0.26879397860071597	-0.22025489610872845
21.529137084808198	-0.5237061845438978	-0.16799604379916713	-0.09512214279899797
21.95971982650436	-0.5065088270231346	-0.016481102556188787	0.057041411748097744
22.39891422303445	-0.31376207203910744	0.1365392125991034	0.18514074836728794
22.846892507495138	-0.17448983009791524	0.2314819645620692	0.26175093904639163
23.30383035764504	-0.27111606814335837	0.213894435360514	0.2578883293680978
23.769906964797944	-0.45214331098772154	0.0931473398130225	0.16102547557816987
24.2453051040939	-0.4569163342041679	-0.041338629595761546	0.024433781025767938
24.73021120617578	-0.30918685641800153	-0.12135275707672277	-0.07879118962152928
25.224815430299294	-0.24525741129593198	-0.15675621871931172	-0.1242552674619739
25.72931173890528	-0.40122326488008714	-0.1565375888105829	-0.10128706244912399
26.24389797368339	-0.5454081581118655	-0.10339905967145364	-0.026014517023295262
26.768775933157055	-0.4187952100211145	-0.01973928109056916	0.040923785348123215
27.3041514518202	-0.22884695303732203	0.039354165908435074	0.07354755834947019
27.850234480856603	-0.29082479636529357	0.0299082582091494	0.07294329639177861
28.407239170473737	-0.49562148571950393	-0.028697121417162342	0.042983155220741094
28.97538395388321	-0.4350766129186743	-0.03388255390755113	0.028860232270014892
29.554891632960874	-0.2415604804768124	0.024463555444915436	0.060200782919553
30.145989465620094	-0.314302472426742	0.04240393090957367	0.08912312336575637
30.748909254932496	-0.5340587466070682	0.013284397297347154	0.0914447227879059
31.363887440031146	-0.43884664847265703	-0.026837953574342932	0.03660139196178751
31.99116518883177	-0.26620084358721874	-0.07754830922894387	-0.04034294264807747
32.6309884926084	-0.3995493666873294	-0.12005106738159013	-0.06428451531013778
33.283608262460575	-0.4775332051423574	-0.09868243287242454	-0.0310980578073396
33.94928042770979	-0.2829998380590355	0.042779941260986054	0.08494199975419937
34.62826603626398	-0.2822787257164767	0.1366294391419538	0.18064153329106403
35.32083135698926	-0.4869883032159041	0.07710145186789781	0.14972685966746505
36.02724798412905	-0.35106943546787855	-0.05499302311444118	-0.004941085090259784
36.74779294381163	-0.28407575697495546	-0.19217929331806033	-0.15475531403667225
37.482748802687865	-0.544481918075868	-0.2008788777645958	-0.12566024133196077
38.23240377874162	-0.3238751459162672	-0.011938382688158625	0.03504469311862703
38.99705185431645	-0.18575691918575202	0.17740663931847697	0.20819216168553406
39.776992891402784	-0.5232706276168031	0.10782085641932526	0.1863774241221783
40.57253274923084	-0.35628548017191364	-0.05529036333483933	-0.0044839467125776244
41.383983404215456	-0.24770391397458633	-0.20529874343210466	-0.17345231313231305
42.21166307229977	-0.60402243470818	-0.14818329901125987	-0.06318384601238487
43.055896333745764	-0.23770841632692258	0.14205739427790146	0.17968273403970061
43.91701426042068	-0.2857849194435605	0.2136839255308453	0.25981264139825716
44.795354545629095	-0.49968303466523617	-0.08230135053361043	-0.011145519447713685
45.691261636541675	-0.22991854771819162	-0.28794264732552377	-0.2604116642692359
46.60508686927251	-0.46077726013535664	-0.15895929296281142	-0.09507426112979714
47.53718860665796	-0.2812488737026743	0.21549711555164627	0.26100209954061226
48.48793237879112	-0.32119348181864177	0.22976670748686262	0.2813942299913909
49.457691026366945	-0.44018317557211467	-0.1828564898544307	-0.12247262028879788
50.44684484689429	-0.32189977047209095	-0.34686791203951767	-0.30715061034649427
51.455781743832176	-0.4622565196916469	0.029175989921676214	0.09719623216674299
52.484897378708816	-0.1430831027809701	0.4141403142534262	0.44363452328926406
53.534595326283	-0.5048878909701219	-0.013762242961438853	0.05958052774334059
54.60528723280866	-0.27025227566713667	-0.4413671243419035	-0.4111504825642358
55.69739297746483	-0.48045291090897224	-0.09424606004067954	-0.026143470117301885
56.81134083701413	-0.14688980866442541	0.48130613869565153	0.5127547803487064
57.94756765375441	-0.4850802018182046	0.007091322428543691	0.0779799210776265
59.1065190068295	-0.26942697852281383	-0.6049910417240603	-0.5783035873920679
60.28864938696609	-0.48367112283883307	-0.05317116008070219	0.016256479498279727
61.494422374705415	-0.06017465257003028	0.685455185368369	0.7085109718966728
62.72431082219952	-0.5644550368004683	-0.12954960988582667	-0.049932200558379845
63.97879703864351	-0.26671451000506297	-0.6762318954895528	-0.6514241939365134
65.2583729794164	-0.44057443578582245	0.25143006224132386	0.3209186270901172
66.56354043900471	-0.15606179779877405	0.5825433143895102	0.6174386456182795
67.89481124778482	-0.3996226733932148	-0.5702537007090758	-0.5238556796040045
69.25270747274051	-0.5172272849518309	-0.3715683040392775	-0.30388033131795394
70.63776162219531	-0.055141200217482325	0.7139620604941326	0.7368776951194765
72.05051685463923	-0.5529731510323898	-0.14411955740979132	-0.06648013033027174
73.49152719173202	-0.34787956442371637	-0.534234309887755	-0.4946317548652914
74.96135773556665	-0.19885906909858747	0.49314753273463696	0.5324217205768192
76.46058489027799	-0.5272850870008846	-0.037052307267337034	0.03907151151888907
77.98979658808355	-0.30583337197572863	-0.4825735051240945	-0.44802641973438573
79.54959251984522	-0.17447859878167107	0.48708228292361533	0.5226746261401843
81.14058437024212	-0.6035559851131987	-0.13887705359414265	-0.053751744381679095
82.76339605764697	-0.3860109963141193	-0.38669050247187664	-0.3384532843108983
84.41866397879991	-0.08759774299533835	0.5084355433402634	0.5318026213466724
86.10703725837591	-0.4995096404406956	-0.2686705839015995	-0.20142273183528142
87.82917800354343	-0.5319148608189487	-0.1549691893326137	-0.08062679690761304
89.5857615636143	-0.268239699187123	0.2769914700946984	0.32188041518646004
91.37747679488659	-0.2906986528435984	-0.21040691926456817	-0.17239684320955517
93.20502633078432	-0.32697416904648136	0.01619891182282121	0.06422012213840858
95.06912685740001	-0.4148098877477428	0.004695553338699207	0.06528648599646794
96.97050939454802	-0.5015637939660291	-0.004110903188779949	0.0689481729481664
98.90991958243897	-0.4308314755016984	-0.16679987270315136	-0.10744527987380262
100.88811797408776	-0.28601577645139126	0.16796699917239397	0.21317694572098006
102.90588033356951	-0.32006954977722785	-0.18787808571980447	-0.14511540316312146
104.9639979402409	-0.2313707713005357	0.14467230702125322	0.1814278842321908
107.06327789904573	-0.2331382081489147	-0.13185148163791052	-0.1005990654836503
109.20454345702665	-0.27452753509630706	0.05439242377190124	0.09556086480202725
111.38863432616718	-0.3833675303356365	-0.12173219527577522	-0.06836051783674021
113.61640701269053	-0.34270176827663834	0.13186530306418948	0.1845898380850365
115.88873515294434	-0.42108365892899596	-0.19516728970110714	-0.1378252413094016
118.20650985600322	-0.31247874274157067	0.1664827681768638	0.21552097583036087
120.57064005312328	-0.320548505729131	-0.24560694363816507	-0.20397709787846188
122.98205285418575	-0.19526968184627908	0.27822381423710374	0.3124969723029591
125.44169391126948	-0.27662597497836355	-0.30551952237473523	-0.27154322440653067
127.95052778949487	-0.21117700149854424	0.33776778990121736	0.37560126490936374
130.50953834528477	-0.35625980162636073	-0.33333402687455715	-0.28832393136393286
133.11972911219047	-0.44905042940413203	0.10763141582661323	0.17536025794443694
135.7821236944343	-0.4835454744443991	0.07632470714649073	0.14843185356851754
138.49776616832295	-0.40833411450302426	-0.41743792816639597	-0.3665858266381715
141.26772149168943	-0.17302876965679853	0.5275783503458602	0.563802928219682
144.09307592152322	-0.3731506725326494	-0.44080193664932527	-0.3955675039185081
146.9749374399537	-0.5253343188166045	-0.026274764145015714	0.04978909976271792
149.91443618875277	-0.32944341154481144	0.3599588444736047	0.41550181791708984
152.9127249125278	-0.2892604679351495	-0.5305568798118162	-0.49942632990068664
155.97097941077837	-0.34052597199052337	0.22331071113315554	0.2776230551970475
159.09039899899395	-0.4087511618400497	0.040536814152618034	0.10099087554913813
162.27220697897383	-0.2579851481805082	-0.07318885690379225	-0.03709079064629718
165.51765111855332	-0.5310038050099457	-0.1407147146750038	-0.06620821633344923
168.82800414092438	-0.25629158942122454	0.011839994260029074	0.04946251759770823
172.20456422374286	-0.42385291746959747	0.04766525521714758	0.1104701651651545
175.64865550821773	-0.29603283626944166	0.04287638560186688	0.0869410989245327
179.16162861838208	-0.4029971665732928	-0.022918003732598127	0.03537495798157795
182.74486119074973	-0.3745937152083281	-0.25479130709745834	-0.20547120919410755
186.39975841456473	-0.3402580509976541	-0.028673599541597844	0.0203499995717768
190.12775358285603	-0.3962142842331303	0.05741362241488365	0.11639098933252517
193.93030865451314	-0.30703658678742185	0.17430325699559276	0.22271074375616665
197.80891482760342	-0.26582179847557375	0.34020927340637086	0.38606264554669145
201.7650931241555	-0.39215013735319604	0.05750254154471024	0.11588907285756618
205.8003949866386	-0.44950773724111354	-0.2855740382747799	-0.2259702857245086
209.91640288637137	-0.3392998868924698	-0.5403306059051918	-0.5021062600230649
214.11473094409882	-0.3001916566749635	-0.6042141121519806	-0.5730239562233815
218.3970255629808	-0.3593949261996321	-0.361270631190365	-0.316385342602718
222.76496607424042	-0.37150322959525056	-0.12661855214641082	-0.07507888433348694
227.22026539572522	-0.38906334193540437	-0.023983250111843074	0.03225550287640666
231.76467070363972	-0.45939839157726403	-0.07873939893933722	-0.01338420431222237
236.39996411771253	-0.4314495420882753	-0.0061264586550441175	0.05666563167751595
241.1279634000668	-0.33161900071060346	0.1016588851824357	0.1521378828940328
245.95052266806812	-0.2869022606177815	0.16644129886864634	0.2117487389351696
250.8695331214295	-0.30875886848907264	0.18939018613931932	0.23836315000521155
255.8869237838581	-0.38136727130319087	0.10907265729000196	0.1669610647152589
261.0046622595353	-0.4027144968906207	-0.022283681443631086	0.03598127265617551
266.224755504726	-0.28624549575844166	-0.24158645715169705	-0.20487537354425137
271.5492506148205	-0.33449954354244305	-0.3261593062415288	-0.2841731083549545
276.9802356271169	-0.4361699740772072	-0.023565279945700596	0.03955189794169002
282.51984033965925	-0.15982835112021168	0.4369401528335578	0.4693513738892878
288.17023714645245	-0.4183266203699108	0.2186857978912938	0.28424771748464106
293.9336418893815	-0.3092556310093892	-0.34415963089981494	-0.30622984368802525
299.8123147271691	-0.5378123976405949	-0.23041745528672886	-0.15678684428261558
305.80856102171253	-0.34455960660748297	0.0442390330324548	0.09540895551755552
311.9247322421468	-0.2479775125274352	0.14031061556943136	0.1793971406373788
318.1632268869897	-0.39926150746851174	0.137971802017366	0.19907185106521913
324.5264914247295	-0.41375803122067173	-0.1982945874407258	-0.14208601179272629
331.01702125322413	-0.3605711173240648	0.20080710773543795	0.2575738770896856
337.6373616782886	-0.32639912119838865	-0.13040780541889707	-0.08552476285702582
344.3901089118544	-0.28269625947212557	0.05936972761689005	0.1018331347819269
351.27791109009144	-0.33137938990315546	-0.2581707501022497	-0.2152231463685031
358.3034693118933	-0.2934037641202375	0.2560264135435233	0.30414834609321467
365.46953869813115	-0.5018983768789296	-0.20848115017779026	-0.13963099417831698
372.7789294720938	-0.43129503050194506	0.048171751352098134	0.11207252145346719
380.2345080615357	-0.2983628905224177	0.03149137356738513	0.07565869871789159
387.8391982227664	-0.2715929795725961	0.004395787819045843	0.0440946762529463
395.59598218722175	-0.46134897167934136	-0.17499911594746181	-0.11136487249313003
403.5079018309662	-0.3389018283620375	0.04514610851280476	0.09550983574295206
411.5780598675855	-0.3717016800160847	-0.15125286024235068	-0.100197466495054
419.80962106493723	-0.3648979182257546	0.0917812414224155	0.14690763035997167
428.20581348623597	-0.2507574332330623	0.2531214220467127	0.29496357735250744
436.76992975596073	-0.4225616808222185	0.05833797420910349	0.12117692712503333
445.5053283510799	-0.5530608725298567	-0.2250282788854318	-0.14906165745160746
454.41543491810154	-0.44038549195431365	-0.11755383553177032	-0.05577998952867813
463.50374361646357	-0.3857520366571717	0.0071627327661487605	0.06356746171128107
472.77381848879287	-0.4233059322642742	-0.0702676570952988	-0.009999451496244247
482.2292948585687	-0.4033506726978341	-0.14323162389410624	-0.08739364295679929
491.8738807557401	-0.252868683525139	-0.15014630769698917	-0.116397672759927
501.7113583708549	-0.2970336702776781	-0.385635245371294	-0.3503519027343679
511.745585538272	-0.5480293460189504	-0.26660820920123696	-0.1922416005984993
521.9804972490375	-0.22425787256500282	0.036008683106937195	0.06946313708739471
532.4201071940182	-0.4883517527642402	-0.0283701032996916	0.042256816826349915
543.0685093378986	-0.36579245307855107	-0.04793263028638259	0.004413505989939864
553.9298795246566	-0.21519016698019058	0.09159844979500037	0.12488865018367408
565.0084771151497	-0.1747592447534873	0.19931181456100097	0.2289498672242387
576.3086466574528	-0.29416965472984746	-0.059277331957159674	-0.017612535058164486
587.8348195906018	-0.23275800876798167	0.10035764658281068	0.13639230716528317
599.5915159824139	-0.1912542153815808	0.004728448949026964	0.03271819804527895
611.5833463020622	-0.3064798627892348	0.06215657230899643	0.10814648088886394
623.8150132281033	-0.3884363712051012	-8.222694423150323e-5	0.056563030795174205
636.2913134926655	-0.3047368916511837	-0.03293490786696411	0.010819744918271895
649.0171397625188	-0.30963890290906043	0.19107727901567872	0.24021372900274335
661.9974825577692	-0.4513926798370631	-0.34357494621816825	-0.2849046584548085
675.2374322089246	-0.2923256621499543	-0.23517668349482368	-0.1974453720040975
688.742180853103	-0.4103878339633834	-0.18493201291060088	-0.12893653739324498
702.5170244701651	-0.41773371666636666	-0.07376513669979996	-0.014382410033867324
716.5673649595684	-0.3872517746383106	0.18040752504646915	0.2406402322863575
730.8987122587598	-0.347889247008192	0.12150103423421818	0.1747661543027924
745.516686503935	-0.3486740549076603	-0.08115454671179809	-0.03199696676092684
760.4270202340138	-0.2978317844335971	0.0966644349925303	0.1421120792847742
775.6355606386941	-0.3880948559979477	-0.05649640242962221	-0.0010762443138719558
791.1482718514679	-0.40910053485398223	0.15528843950429239	0.21818410999350418
806.9712372884973	-0.36021811535904036	-0.15770492661067376	-0.1084586374252027
823.1106620342673	-0.3519788652639316	0.10940483849592066	0.163014357148909
839.5728752749526	-0.4709938678011338	-0.08564668260217943	-0.01874438276872613
856.3643327804517	-0.23748621695916816	0.14410797881187784	0.18174363501033733
873.4916194360608	-0.45007616864458266	-0.26760429094639615	-0.20754327241377765
890.961451824782	-0.39785114297685603	-0.20442819094662618	-0.15066715324055618
908.7806808612777	-0.336057016686296	-0.1780096009138046	-0.13270981933275747
926.9562944785032	-0.3096269207736999	0.1553118857800727	0.2037014760133221
945.4954203680733	-0.2208796129588066	0.09631987959120786	0.13053815397251733
964.4053287754348	-0.3494174577242702	-0.0380631896952614	0.012100539770876717
983.6934353509434	-0.3221120660725469	0.0629645761019503	0.11125101440632071
1003.3673040579624	-0.4003456501216913	0.02500816646611545	0.08391291057690622
1023.4346501391217	-0.340054446312333	-0.13118089618078052	-0.08432255809733159
1043.903343141904	-0.32288791104127096	0.12971991062163438	0.17951022911977044
1064.7814100047422	-0.4913286677134477	-0.25985609663583936	-0.19361766794087493
1086.077038204837	-0.39420897967144075	0.13605404758573048	0.1963773164458516
1107.7985789689337	-0.38923468580879	-0.21861844864851618	-0.16640960798157842
1129.9545505483125	-0.28028494565499196	0.3030517686995122	0.3502402351221051
1152.5536415592787	-0.23727503716215376	0.42934976041172035	0.47289715667311194
1175.6047143904643	-0.33980058491403514	-0.04460871093391962	0.004016192888253917
1199.1168086782736	-0.4005729385172074	0.008463933250514893	0.06705715206032668
1223.0991448518391	-0.29139963082409465	0.2814893696031001	0.32984951096501186
1247.561127748876	-0.3068444392064027	0.11126874054631494	0.15833498669196358
1272.5123503038535	-0.39223189024927374	-0.29811932546889913	-0.24712966075481546
1297.9625973099305	-0.2600110675903819	0.22212728135014248	0.26467321373520114
1323.9218492561292	-0.3666890168063667	0.08110219539894026	0.13626730608734666
1350.400286241252	-0.1065013719579714	0.5793610874852899	0.6069625602184376
1377.4082919660768	-0.4970064441203806	-0.17156838646758243	-0.10266262141810155
1404.9564578053985	-0.35282251077589327	-0.2222847794482017	-0.1754624295318881
1433.0555869615064	-0.2361045886575862	-0.3680982494377282	-0.34133504378844937
1461.7166987007367	-0.5206979233319947	-0.029802407077286527	0.04551182326118591
1490.9510326747513	-0.46620198129797846	0.0028015894697724156	0.07084774485634786
1520.7700533282464	-0.42477499158667925	-0.08759476617853679	-0.027473304200865536
1551.1854543948114	-0.2945462772824362	-0.33710551447369075	-0.30117388058820393
1582.2091634827077	-0.4258132954606846	-0.06228820574512644	-0.0014881044434667222
1613.8533467523619	-0.39161939411198815	-0.29130945802352126	-0.24026724342434636
1646.1304136874091	-0.4467545473642108	0.05498885051013841	0.12128615638638035
1679.0530219611574	-0.2834053612185314	-0.24162790495382708	-0.20533187112932938
1712.6340824003805	-0.2963836879842353	0.34188692451444214	0.39223218993952735
1746.8867640483882	-0.35488212483832743	-0.03634018983015149	0.01465636608730974
1781.8244993293558	-0.3361662843159096	-0.4290943162976474	-0.38900953142444494
1817.4609893159432	-0.39777765136403037	-0.02505698622626655	0.032430234051274
1853.810209102262	-0.3413164901339851	0.2583498128566492	0.31350742210236887
1890.8864132843073	-0.22676765603468507	-0.13384233903599213	-0.10356043792751707
1928.7041415499934	-0.5331142629049685	-0.012511343660268459	0.06497383335378382
1967.2782243809934	-0.46363371344079496	-0.22914039367561567	-0.16630090200040815
2006.6237888686132	-0.4524070831263828	-0.22526626318162932	-0.1639832773753157
2046.7562646459855	-0.33213004017602554	0.017776892730547774	0.06658287552143786
2087.691389938905	-0.35869830545043413	-0.28428416594685785	-0.23789658319256235
2129.4452177376834	-0.3873054335572595	0.004093886825110041	0.06066121852773355
2172.034122092437	-0.33251487434302057	0.041813866086601606	0.09117674080509623
2215.474804534286	-0.48432513212473555	-0.07955447230327158	-0.010581108708065803
2259.784300624972	-0.3073783721811314	-0.22778745095321917	-0.18770701023832953
2304.979986637471	-0.48348330318086197	0.08677705416062298	0.15909289116951164
2351.0795863702206	-0.28804871326087705	-0.3302088392729063	-0.2950810860738805
2398.101178097625	-0.49587057842248417	-0.025495223723696104	0.04628808513533919
2446.0632016595778	-0.4973246216446581	-0.10715482621092134	-0.03686071110046945
2494.9844656927694	-0.2289082184318271	0.37998739174304713	0.4212862442590021
2544.8841550066245	-0.3900523044953109	-0.0997931392468075	-0.044989535242216494
2595.7818381067573	-0.37333444311113956	-0.22695666485493632	-0.17724032241903967
2647.697474868892	-0.45613955044525833	-0.3711217366253071	-0.3123330883650675
2700.6514243662705	-0.39547487551235794	0.0281348894929941	0.08639445236965038
2754.664452853596	-0.33791316441520935	0.2281135569691988	0.28214492588327517
2809.757741910668	-0.38793493604886364	0.018217406802969516	0.07517078095182401
2865.952896748881	-0.3022090246338786	0.02844895790712529	0.07311379395596432
2923.271954683859	-0.3249823842340531	0.05484280686053983	0.10337862970426713
2981.737393777536	-0.3454611395949624	-0.314666490830448	-0.27084229319848363
3041.3721416530866	-0.33420114726314876	0.16872466026345354	0.22097742466148465
3102.1995844861485	-0.40423867700702587	0.10580301538653183	0.1669587186039425
3164.2435761758716	-0.18924698367903003	0.22197051911754606	0.2541934233856868
3227.528447699389	-0.4264402249232262	-0.17001424098408557	-0.11136700486995035
3292.079016653377	-0.17311263799611076	-0.137822524136934	-0.11544823368202048
3357.9205969864443	-0.2634980233026164	-0.2618996324473984	-0.2289290797250875
3425.0790089261736	-0.44846072354919825	-0.008375516977501954	0.05685051526972488
3493.580589104697	-0.4596286056369522	-0.09529366308464358	-0.03024977607685149
3563.452200886791	-0.302360429817726	0.174819882722798	0.22255619296127466
3634.721244904527	-0.5250040142091512	-0.13717046213456674	-0.06346509469020226
3707.4156698026172	-0.4567302117977936	-0.33964072327949985	-0.28011008246064456
3781.56398319867	-0.3236875327299696	-0.46190966765551833	-0.424328353875221
3857.195262862643	-0.25569913784636356	-0.7573970323934988	-0.7358866796324355
3934.3391681198964	-0.23913508154869517	0.4430766910385111	0.48718132149433147
4013.025951482294	-0.45263696828107153	-0.27777373173545605	-0.2175511266056217
4093.28647051194	-0.4413642635820942	-0.17319891017348477	-0.11244159902971035
4175.152199922179	-0.48698889254862393	0.007324301022848447	0.07849610412416544
4258.6552439206225	-0.20375409548365495	-0.02962158354245714	-0.0005245609415587826
4343.828348799036	-0.3984720205471243	-0.03594452622087507	0.02141713247931236
4430.704915775016	-0.3414684336204808	0.08950076976900473	0.14116284904217916
4519.319014090516	-0.3365097200486535	0.23581824471768867	0.2898054589897358
4609.705394372327	-0.3454469721189716	0.06666231299273677	0.11842879461410213
4701.899502259774	-0.3612691041889792	-0.08965503892500196	-0.038837774541713305
4795.937492304969	-0.2033078604363791	0.2884878544357091	0.32414708105009166
4891.856242151069	-0.4147801782209157	-0.0034936408792334006	0.05692235092633274
4989.69336699409	-0.35093376319018454	0.21806594936675638	0.2737868304437991
5089.487234333972	-0.1828888865797317	-0.09420706574751925	-0.06949841699104836
5191.276979020651	-0.40466181638138443	0.01574721550958011	0.0750884640549816
5295.102518601065	-0.22293944277241656	0.24713062305659983	0.2847911797745898
5401.004568973086	-0.4370763067739383	-0.10094707025788302	-0.039309839483723005
5509.0246603525475	-0.2682218275258966	-0.4018787257704221	-0.3711355160431126
5619.205153559598	-0.42658872516673535	-0.19808163697499936	-0.13999748199182954
5731.589256630791	-0.44713225749564034	-0.21879719936242156	-0.1581486867976911
5846.221041763407	-0.3351865802696241	-0.02807322243743718	0.02022329505110315
5963.145462598675	-0.3747846207524259	-0.007470204496879018	0.047030256769164794
6082.408371850649	-0.40701206731284284	-0.14932207918482485	-0.09307702935138587
6204.0565392876615	-0.2817508926499605	0.1401517845068472	0.18416028519552569
6328.137670073415	-0.3150273293084362	-0.035699110962146834	0.009498643083622077
6454.700423474884	-0.34510256909235604	0.04045550119166672	0.09162578212579503
6583.794431944381	-0.31744116363869834	0.045078121691794815	0.09231075225768408
6715.470320583269	-0.36276691025149754	0.1739878714604756	0.2305161265275789
6849.779726994934	-0.44555285163306646	-0.2834767356374686	-0.22440604343342693
6986.775321534833	-0.3676118833894281	-0.2177887834376333	-0.1687159834316257
7126.51082796553	-0.2656114416254985	0.20297558373335695	0.24593924363152042
7269.041044524841	-0.4479017274183798	-0.10235235309906192	-0.039165691873445416
7414.421865415337	-0.45343641370907606	0.0869615802791133	0.15489942353416847
7562.710302723644	-0.4759075265018085	-0.20480602557965782	-0.1396696368310536
7713.964508778117	-0.25859537910947433	0.3764881739021221	0.4220435036452146
7868.24379895368	-0.4558369556726656	-0.13273312795530423	-0.06902217875210938
8025.608674932754	-0.4150585471804577	0.2072339464838192	0.27208069183271555
8186.120848431409	-0.33095721662777666	0.21668519322902424	0.269464062179513
8349.843265400037	-0.35193599405312725	-0.2595598546212135	-0.21364335245974103
8516.840130708038	-0.41365993068154894	-0.08322439969794165	-0.024632834800589507
8687.1769333222	-0.35874602176927844	-0.2565081769377045	-0.20953496911588682
8860.920471988644	-0.5704258806774334	-0.17139498346213242	-0.09177860468546781
9038.138881428416	-0.21293528703116593	0.4119704063827879	0.4516061858744744
9218.901659056984	-0.4706060996616755	0.0018801960205615774	0.07054942297165093
9403.279692238124	-0.41869497683185464	-0.38322838030893147	-0.3301526207773888
9591.345286082887	-0.3213563021758931	-0.10153769152516706	-0.05678859936462349
9783.172191804546	-0.3202678933956363	-0.08354588513301309	-0.038580689953087194
9978.835635640637	-0.39760597766073347	-0.03348946260828836	0.023797045329562602
10178.41234835345	-0.46642056408148674	-0.23364902967164716	-0.17049705219458966
10381.980595320518	-0.3026121990466402	-0.2549873651409431	-0.2161686562204111
10589.62020722693	-0.41797840943946046	-0.19488326844659282	-0.1379881518293088
10801.412611371468	-0.21794313663112602	-0.188432064026238	-0.16057435793474537
11017.440863598897	-0.17634958748362092	0.17494170484173335	0.20430397186729757
11237.789680870876	-0.5306105892320955	-0.16464696175230137	-0.09069639585912703
11462.545474488294	-0.3182882613057551	0.08024347847549412	0.12833225571748952
11691.796383978059	-0.28057421556143863	0.2572388124776925	0.30351502750702086
11925.63231165762	-0.37969479438184983	-0.17268363248510088	-0.1209090506478541
12164.144957890774	-0.35325703718711016	0.22846194798073904	0.28473822315345804
12407.42785704859	-0.3299798115483037	0.06953612859029429	0.11910685378671967
12655.576414189562	-0.1395033104252938	0.21713948488089746	0.2420074569196048
12908.687942473352	-0.3385416734324244	-0.41668257372641754	-0.37599279997015606
13166.86170132282	-0.35239979251753045	-0.1013368359967072	-0.052056383671165524
13430.198935349275	-0.39410447186468567	0.01943148989264036	0.07730988141233704
13698.802914056261	-0.46119047334179897	-0.07060242455138406	-0.004816364367192225
13972.778972337388	-0.30851289314545904	-0.3395743368719073	-0.30165733863969274
14252.234551784135	-0.2833055687798723	0.29905215002602625	0.3465977985986332
14537.279242819819	-0.3411454776394478	-0.46282129503935526	-0.4227130231969227
14828.024827676216	-0.469686822416596	-0.03205025841094568	0.03577802280791317
15124.58532422974	-0.3868651023270775	0.24874172033921543	0.3103416669356479
15427.077030714334	-0.4311698491934823	-0.1678562218947254	-0.10847429017681601
15735.618571328621	-0.1908446591117992	0.3247619303958777	0.35935931673292926
16050.330942755194	-0.2274168975375959	0.2676245941662146	0.3063650707689101
16371.337561610299	-0.2881276819421935	-0.12270661376021896	-0.08324438126365363
16698.764312842504	-0.489277257904652	-0.15338012799108344	-0.0852226138798026
17032.739599099354	-0.37253255740477803	-0.24398320081261232	-0.19473851954134486
17373.394391081343	-0.3003634660691139	0.10248242588396472	0.1484204818916265
17720.86227890297	-0.3371557428876018	-0.1807949868870414	-0.13539300327607942
18075.27952448103	-0.3687366607238147	-0.12954444912961632	-0.07846919546426026
18436.78511497065	-0.3633787649037417	-0.2108645226235481	-0.16226479696307644
18805.520817270062	-0.289405396812729	0.07669730457406884	0.12050011878788502
19181.631233615466	-0.46145889849463523	-0.13497474277406096	-0.07049062721805303
19565.263858287773	-0.29393575290290624	-0.09498228850652954	-0.05409545555207501
19956.56913545353	-0.43840331026327156	-0.0674276075966428	-0.004898533341512332
20355.7005181626	-0.4812244029795744	-0.09096699075169266	-0.02268357762449834
20762.814528525854	-0.30534081284063785	0.3499779765782565	0.40179805296289656
21178.07081909637	-0.35307824207652955	-0.23838141999512613	-0.191857122608864
21601.6322354783	-0.49097647489313834	-0.050865903007363995	0.019675126601898615
22033.664880187865	-0.21535065804101533	0.32903929856240566	0.36729958824677056
22474.338177791622	-0.4405662057980148	0.0866186888164672	0.1526724831790207
22923.824941347455	-0.16717969729151377	0.1975826027179622	0.22607927946293221
23382.301440174408	-0.3063246972693646	-0.4830272443310811	-0.4484179602361963
23849.947468977894	-0.4730242942695339	0.04217535996060169	0.1120367228740879
24326.946418357453	-0.3367039428142914	-0.022126849977307697	0.026514832308582523
24813.485346724603	-0.3574604451607364	-0.11961002441204141	-0.06997225166801818
25309.755053659093	-0.23976972195251728	0.2223456159172189	0.26194423403356976
25815.950154732276	-0.2881613585299917	-0.408438843760884	-0.37492445488694526
26332.269157826922	-0.40480433923197706	-0.09170310340748089	-0.03457961859047351
26858.914540983464	-0.367868670988572	-0.10869172173651326	-0.057308618086857166
27396.092831803133	-0.3388045217672497	-0.40534544980630327	-0.364381153919544
27944.014688439194	-0.44055551516813796	-0.18488294088891064	-0.12448698952874276
28502.894982207978	-0.3574187794231979	-0.32070319108918155	-0.27526093557098974
29072.95288185214	-0.15829747518825305	-0.3536083423737673	-0.3378901343749338
29654.411939489182	-0.2362245344530115	0.22726367193688143	0.2664477430432973
30247.500178278966	-0.3917485276942369	0.14033162375964853	0.20038519287671744
30852.450181844546	-0.23510495110791702	-0.11063980116997507	-0.07865865832444519
31469.49918548144	-0.46643376684000665	-0.05404565266580261	0.012849987234494119
32098.88916919107	-0.3606547435254561	-0.07832813891418908	-0.027364491710772293
32740.86695257489	-0.17240870684027165	0.4924889175601498	0.5278920397568592
33395.684291626385	-0.2117282973471047	0.42519612216682035	0.46493141807508187
34063.597977458914	-0.463471117575987	-0.0048533164315900795	0.0626351107892499
34744.869937008094	-0.5329270666628866	-0.27333325492429567	-0.20130916718021402
35439.767335748256	-0.4223103107281557	-0.0359194130069008	0.024919186203311475
36148.56268246322	-0.4508029056324349	0.04070713576980953	0.1072972915030773
36871.533936112486	-0.2543024901396668	0.03135800384745391	0.06909707540631067
37608.96461483474	-0.3667243768581627	0.005301331294104518	0.05889241398788044
38361.14390713144	-0.38617880505459046	0.09021956010006735	0.14841687667261322
39128.36678527406	-0.4554314732529713	0.0381893063542229	0.10540200675266087
39910.934120979546	-0.21480929826953105	0.1888961828167922	0.2241578759564486
40709.152803399134	-0.3817217005945079	-0.15553793717296158	-0.10311056286069922
41523.33585946712	-0.1940310825557124	0.31347201337206804	0.3482988798566942
42353.80257665646	-0.2138537258645135	0.4011062897733903	0.44064967249891085
43200.878628189595	-0.13409645033602308	0.5740392639173406	0.6055541475896219
44064.896200753385	-0.4144597693242424	-0.3368087375521304	-0.2833835365580144
44946.19412476845	-0.2640234266495053	-0.24705920351434055	-0.21370285386783652
45845.11800726382	-0.3985540372910075	0.21711003819760188	0.2797556277649905
46762.0203674091	-0.3707868861705353	-0.043853426154699615	0.009306048366947123
47697.260774757284	-0.4910889808598453	-0.03571273039548721	0.03516039743000096
48651.205990252434	-0.5332870599878959	-0.006357332649604468	0.07128125250176358
49624.230110057484	-0.378173516190439	-0.06931491974042966	-0.01560867612391624
50616.71471225863	-0.29666246774660143	-0.14195934673430546	-0.10165355657822411
51629.0490065038	-0.35075616539064713	-0.07503580553456558	-0.025447110697066292
52661.62998663388	-0.4377846050568874	-0.03852886514128529	0.024512038405734037
53714.86258636656	-0.27446507717143376	-0.024588062494633772	0.014925843290895524
54789.159838093896	-0.48789940411477023	0.06870962525570853	0.1412930722152731
55884.94303485577	-0.43506919648848497	0.057403564887221335	0.12204706364360923
57002.641895552886	-0.3672009515909071	-0.33526263968771997	-0.2886971392408734
58142.69473346395	-0.41566920430165294	0.1635407912756766	0.22756631672124428
59305.54862813323	-0.18499813246320745	-0.10185860050278307	-0.0770017603623732
60491.65960069589	-0.35060944479320444	-0.21621267399479482	-0.16958656067067757
61701.49279270981	-0.5980282572455772	-0.10591762844710416	-0.02091179152477209
62935.52264856401	-0.4328193047740691	-0.32117400493982434	-0.26474564809651907
64194.23310153529	-0.521328355522728	0.09278755787261667	0.17074768384202738
65478.117763566	-0.17365877174715866	0.336672097596241	0.36901133717595663
66787.68011883732	-0.07896439880862652	0.6283368374833855	0.6529428297572141
68123.43372121407	-0.43831308048948936	0.15291174328161528	0.22001806217136613
69485.90239563835	-0.42070182048985383	-0.11020581153441762	-0.051149417119947596
70875.62044355112	-0.4621554296513747	-0.32400872862789526	-0.263361243650151
72293.13285242215	-0.4353395465893063	0.03446202289695488	0.0986669989182486
73738.99550947058	-0.33400354373033075	-0.007031159816740018	0.04153120781441784
75213.77541966	-0.46151475917317175	-0.13493163054780108	-0.07043847047145932
76718.0509280532	-0.3793136401722642	0.25807530305439286	0.3187684443931479
78252.41194661426	-0.2507141455196553	-0.04869231439839822	-0.013144258060081848
79817.46018554654	-0.26653721502946176	0.024314273026009803	0.06369083090584823
81413.80938925748	-0.3632596400847407	-0.1338547890082763	-0.08366806626692407
83042.08557704263	-0.48992997840521857	-0.17347268087531728	-0.10563857320945855
84702.9272885835	-0.3574122681369278	0.04490562149706695	0.09796377771489118
86396.98583435516	-0.19504541670429143	0.41756773341190256	0.45471118446069303
88124.92555104227	-0.36544232469491505	-0.15503245283550912	-0.1049686232515738
89887.42406206312	-0.3700978864243598	0.03473602511009097	0.08943230073677035
91685.17254330438	-0.3248630251819761	0.011729582376362263	0.05934980651490798
93518.87599417046	-0.3403343284439829	-0.07237030551519782	-0.024245930648683717
95389.25351405388	-0.35318239381655564	-0.10219608378923659	-0.05281940310326466
97297.03858433495	-0.33296513880044254	0.1919688819954603	0.2445256497787636
99242.97935602165	-0.3877659599200121	-0.10257716220205235	-0.04816498392626001
101227.8389431421	-0.29998829006092514	0.2595294496317203	0.3086846054662661
