1.0	-0.5710259637880021	0.17669971160917508	0.2636555753201165
1.02	-0.5831832932759515	0.15353656163246512	0.2417828036025511
1.0404	-0.594686207154422	0.13004812569216645	0.21948253352077313
1.061208	-0.6054510618377268	0.10625053058266314	0.19675902982113716
1.08243216	-0.6153912819795767	0.0821612723179857	0.173617527446632
1.1040808032	-0.6244178557829302	0.057799238234505376	0.15006432633273484
1.126162419264	-0.6324399397541567	0.03318472857356776	0.12610690163299826
1.14868566764928	-0.6393655819518583	0.008339478487245623	0.10175403165704261
1.1716593810022657	-0.6451025720283988	-0.016713318371150386	0.07701594591692552
1.195092568622311	-0.6495594252237736	-0.04194898328251825	0.051904495744229576
1.2189944199947573	-0.6526465058905504	-0.06734132130385137	0.026433349944690324
1.2433743083946525	-0.6542772940508753	-0.09286258367282998	0.0006182178830720643
1.2682417945625455	-0.6543697958630359	-0.11848342172404856	-0.02552289777994014
1.2936066304537965	-0.6528480956660545	-0.14417283008866993	-0.051969416764217576
1.3194787630628724	-0.6496440434499078	-0.16989807681825198	-0.07869786374885403
1.3458683383241299	-0.6446990671585203	-0.19562461800704492	-0.10568151692157404
1.3727857050906125	-0.637966094188819	-0.22131599450626535	-0.1328900223226098
1.4002414191924248	-0.629411560847473	-0.2469337084520429	-0.16028897475453735
1.4282462475762734	-0.6190174824479987	-0.27243707759106855	-0.1878394671838828
1.4568111725277988	-0.6067835502946692	-0.2977830658107225	-0.21549761193047326
1.485947395978355	-0.5927292151693718	-0.3229260888900048	-0.24321403852967985
1.5156663438979219	-0.5768957103210273	-0.34781779530907286	-0.2709333749561954
1.5459796707758804	-0.5593479606059982	-0.3724068230107434	-0.2985937209017591
1.5768992641913981	-0.5401763186328469	-0.3966385343140244	-0.3261261239782763
1.6084372494752261	-0.5194980638471058	-0.420454732746975	-0.35345407203483387
1.6406059944647307	-0.4974585967897598	-0.4437933673928246	-0.3804930171816686
1.6734181143540252	-0.4742322586136412	-0.46658823241433756	-0.4071499495418135
1.7068864766411058	-0.4500227056564498	-0.48876867170467236	-0.4333230411236207
1.741024206173928	-0.425062770705857	-0.5102593010554244	-0.4589013824328082
1.7758446902974065	-0.3996137467251351	-0.5309797627569344	-0.48376483641695484
1.8113615841033548	-0.3739640352949086	-0.5508445300479701	-0.5077840359434621
1.847588815785422	-0.3484271107810888	-0.5697627811779294	-0.5308205521302275
1.8845405921011302	-0.323338762006831	-0.5876383648710165	-0.5527272613465
1.922231403943153	-0.2990535855566072	-0.6043698804953452	-0.5733489384453264
1.960676032022016	-0.2759407181734152	-0.6198508970214786	-0.5925231026424699
1.9998895526624565	-0.2543788092887671	-0.6339703346654592	-0.6100811402830443
2.0398873437157055	-0.234750247736357	-0.6466130317017116	-0.6258497254006118
2.08068509059002	-0.21743466834917022	-0.6576605160560172	-0.6396525543395966
2.12229879240182	-0.20280177377831063	-0.6669919967254225	-0.6513124046478652
2.1647447682498564	-0.19120351416069759	-0.6744855836445166	-0.6606535208220092
2.2080396636148536	-0.182965672358403	-0.6800197362258458	-0.6675043201782838
2.252200456887151	-0.17837890624615216	-0.6834749304563239	-0.6717004010132669
2.297244466024894	-0.17768930367171645	-0.6847355222893825	-0.6730878222182859
2.343189355345392	-0.181088513028942	-0.6836917714812041	-0.6715266085703417
2.3900531424522997	-0.1887035267449242	-0.6802419755539831	-0.6668944190610564
2.437854205301346	-0.20058622132069692	-0.6742946490687568	-0.6590902969817543
2.4866112894073726	-0.21670280160871425	-0.6657706699816506	-0.6480384003716638
2.53634351519552	-0.23692336478379686	-0.6546053039604723	-0.6336915904286787
2.587070385499431	-0.26101189645017975	-0.6407500108439153	-0.6160347345041789
2.6388117932094195	-0.2886171412514353	-0.6241739368311012	-0.5950875607492481
2.691588029073608	-0.31926495355740736	-0.6048650034851311	-0.5709068853306158
2.74541978965508	-0.35235292527064793	-0.5828305221242887	-0.5435880230665748
2.8003281854481816	-0.3871482949350954	-0.5580972912243513	-0.5132651917801571
2.856334749157145	-0.42279034288017414	-0.5307111759677847	-0.480110733797088
2.9134614441402884	-0.45829863765340895	-0.5007362229000691	-0.44433300955269844
2.971730673023094	-0.49258857467624384	-0.46825342715798696	-0.4061728730834928
3.031165286483556	-0.5244955847471102	-0.4333593413837049	-0.36589872155357867
3.091788592213227	-0.5528091293713718	-0.39616478844922254	-0.3238002235085896
3.153624364057492	-0.5763170884000024	-0.3567940062863872	-0.2801809726923533
3.2166968513386416	-0.593860347393991	-0.31538460193979845	-0.2353504804852538
3.2810307883654146	-0.6043963056309198	-0.27208871113144767	-0.1896160980421771
3.346651404132723	-0.6070686994305134	-0.22707573606421105	-0.14327562856526557
3.4135844322153774	-0.6012796821419791	-0.18053695559817534	-0.09661152186076531
3.481856120859685	-0.5867587029596919	-0.13269215888370076	-0.049887601345489474
3.551493243276879	-0.5636216217114758	-0.0837982419442801	-0.003349218818528985
3.6225231081424165	-0.5324129557436011	-0.03415943040473868	0.04277247084110447
3.694973570305265	-0.4941244288463829	0.015861535410490055	0.08825179660497275
3.76887304171137	-0.45018424869976587	0.06583226870232806	0.1328556439023424
3.8442505025455977	-0.4024137964943765	0.11524101269244706	0.17632721244563632
3.9211355125965097	-0.3529514867400737	0.1634899589732161	0.21836809160141887
3.99955822284844	-0.304147047844632	0.20989340455918903	0.2586209616315143
4.079549387305409	-0.2584328123401758	0.2536825363497644	0.29665570765666016
4.1611403750515175	-0.21818114980209385	0.29401840214967556	0.33196186987393256
4.244363182552547	-0.18555837888129034	0.3300141409056041	0.36395003242799234
4.329250446203599	-0.1623850874622202	0.3607667896069315	0.3919639229786497
4.41583545512767	-0.15001093346591055	0.38539798144199533	0.4153037005191489
4.504152164230224	-0.1492093502178291	0.40310166162305083	0.43325930981363114
4.594235207514829	-0.16009520414838227	0.4131956837897675	0.4451511444736934
4.686119911665125	-0.18206754590437008	0.4151729712396577	0.45037392525153785
4.779842309898428	-0.21378103916837665	0.40874703916596333	0.4484390040273092
4.875439156096396	-0.2531534766243775	0.39388631193065343	0.4390104921035971
4.972947939218325	-0.29742175556791495	0.37083206595367846	0.42193174001470096
5.072406898002691	-0.34326220965747384	0.34009616318438984	0.3972405721591129
5.173855035962745	-0.38698994180705304	0.30243706945649185	0.3651738749170306
5.277332136682	-0.42484296847198594	0.2588158359400028	0.32616409875758406
5.38287877941564	-0.4533399972773773	0.2103373605853667	0.2808314718671793
5.490536355003953	-0.46967855125346086	0.1581856631043933	0.2299759864768645
5.600347082104032	-0.47211956144674955	0.10356421003645501	0.1745725671231988
5.712354023746113	-0.4602936637734387	0.04765257884839079	0.11577150020802544
5.8266011042210355	-0.4353692711602571	-0.008411752844003799	0.05490435434928363
5.943133126305456	-0.4000432612394057	-0.06352309785808799	-0.0065068534660514925
6.061995788831565	-0.35834512194511386	-0.11657287872991838	-0.06674281675312928
6.1832357046081965	-0.3152738211117951	-0.166402715161185	-0.12389200614823942
6.30690041870036	-0.2763041725893221	-0.21176341446561553	-0.17588079376437293
6.433038427074368	-0.24680317776174052	-0.25129946121851077	-0.22054273657030918
6.561699195615856	-0.23139161305633502	-0.28357384434717176	-0.25573702253368896
6.692933179528173	-0.23328224185295346	-0.3071372493666967	-0.27951561512494716
6.826791843118737	-0.25363540312275407	-0.32063145741461124	-0.29032278315534754
6.963327679981111	-0.291005308032131	-0.3229043145004352	-0.28719321363117517
7.102594233580733	-0.34100728525661317	-0.3131091271316211	-0.2699020048469404
7.244646118252348	-0.3963977434094926	-0.2907697485699468	-0.2390194474179362
7.389539040617396	-0.447775449479839	-0.2558141871558971	-0.19584306300583512
7.5373298214297435	-0.4850200392343005	-0.2086069588440548	-0.1422208480983038
7.688076417858339	-0.4993491072020518	-0.1500287572619853	-0.08033261157131083
7.841837946215505	-0.48555676579236196	-0.08164418576711721	-0.012534744625879397
7.998674705139815	-0.4437537572388418	-0.005954975824241093	0.05863505177675167
8.158648199242611	-0.37994471415109843	0.07333397904318212	0.13027037442028358
8.321821163227465	-0.3051186059512737	0.15117586135231315	0.19882182183171376
8.488257586492013	-0.2330523387078266	0.2213349247204038	0.2599328683803036
8.658022738221854	-0.17745162051320637	0.27694593998440276	0.3085940083922537
8.831183192986291	-0.14916549114072833	0.3114697273577606	0.3397119808024035
9.007806856846017	-0.15403960417809578	0.3198734481744049	0.349001587287344
9.187962993982937	-0.1917079753891878	0.29973800611813467	0.3339399609898524
9.371722253862597	-0.2553877130332175	0.2519729309450637	0.29446640849043004
9.55915669893985	-0.3325915955435327	0.18092623271598823	0.23319847024766988
9.750339832918646	-0.4067912566043092	0.09386596009232832	0.15514522584904694
9.945346629577019	-0.4604976508330721	-1.5569680972826738e-5	0.06714001336382996
10.14425356216856	-0.48022172572618405	-0.09084684430145906	-0.022707151889337612
10.347138633411932	-0.4622935797113249	-0.1693708643344237	-0.10548161030015601
10.55408140608017	-0.4162774015676816	-0.22814399977025174	-0.17218987870351177
10.765163034201773	-0.36250732891290155	-0.26248179709171965	-0.2150845157313323
10.98046629488581	-0.323499966439743	-0.27088232060261674	-0.2293486238427087
11.200075620783526	-0.3133342069754351	-0.2546122625786639	-0.21422211286513507
11.424077133199196	-0.331057928141238	-0.2164636278496353	-0.17269400557590542
11.65255867586318	-0.3621552609524905	-0.15944138994200147	-0.10994877667688825
11.885609849380444	-0.3867251456170635	-0.0867073703529293	-0.03211635683279357
12.123322046368054	-0.3885182880830571	-0.0034834618790042134	0.0531028830106291
12.365788487295415	-0.36074445107060543	0.08031642931257907	0.13459825403772108
12.613104257041323	-0.3098025539247735	0.1496165915316956	0.19791314296930204
12.86536634218215	-0.25749210802653794	0.18803590881770982	0.22950425600528218
13.122673669025794	-0.23630908993578056	0.18489579652666097	0.22320953456993436
13.38512714240631	-0.272377022960555	0.14081072808863293	0.18346593410556036
13.652829685254435	-0.3613255195434433	0.06727366999326903	0.12136850971821432
13.925886278959524	-0.4572246477118622	-0.019821874974748077	0.04644376375459121
14.204404004538715	-0.4968492689639741	-0.10700221994932507	-0.0367742478076897
14.48849208462949	-0.4507792504550716	-0.18420648083048713	-0.12230547515642444
14.77826192632208	-0.35139497891538285	-0.24109364476472206	-0.1948713279388271
15.073827164848522	-0.2654337277648284	-0.2663305999115869	-0.2331700687773741
15.375303708145493	-0.2445096399744327	-0.25313385758653767	-0.22274982378998565
15.682809782308402	-0.2978150690380187	-0.2041655135199513	-0.16498759748357258
15.996465977954571	-0.389749044921042	-0.12786501495408262	-0.07369046704797422
16.31639529751366	-0.45838374642112373	-0.02988722343801145	0.03633775576011051
16.642723203463937	-0.4534855153095741	0.08645578501658518	0.15439025152041022
16.975577667533216	-0.3686142796005784	0.2057272463964267	0.2637694798047699
17.31508922088388	-0.25189867686993306	0.2900179595049527	0.33279522403817113
17.661391005301557	-0.19049144121435793	0.2943399786031895	0.3282520633345165
18.014618825407588	-0.24502567736918066	0.19963257813735777	0.23952450146489154
18.37491120191574	-0.3798777357043656	0.030618825152814624	0.08665555380038492
18.742409425954058	-0.4878895484521881	-0.15702868453171467	-0.08914955631018115
19.11725761447314	-0.4824770076905639	-0.2999273604716103	-0.2358146168598948
19.4996027667626	-0.37800400675227613	-0.344913578519219	-0.29697369375366256
19.889594822097852	-0.2992638002309799	-0.2740354603510946	-0.23610189490805794
20.28738671853981	-0.3389122576331641	-0.12280463654425361	-0.07593836223408904
20.693134452910606	-0.4090885640770426	0.0492659455842802	0.10995106837852145
21.10699714196882	-0.37040057572270835	0.20418973213913383	0.2624604355182607
21.529137084808198	-0.241818346342295	0.3121006687144471	0.3538679414875827
21.95971982650436	-0.16274063863646904	0.32194630471143915	0.35238652919407926
22.39891422303445	-0.26117061122633706	0.20467212280004374	0.2470235061622188
22.846892507495138	-0.48035214119949915	0.0004040541393651974	0.0704638258588623
23.30383035764504	-0.5484050016002769	-0.22260520373506945	-0.14726708274617636
23.769906964797944	-0.3930926128137493	-0.4075537250697388	-0.3587184216400198
24.2453051040939	-0.26116602638338854	-0.49258509832814024	-0.4647605756957326
24.73021120617578	-0.3407791760044511	-0.43537476633969274	-0.39474811080445393
25.224815430299294	-0.5043098289985392	-0.24127723042110832	-0.17275865599259446
25.72931173890528	-0.4420643729437219	0.06417342321719974	0.1299780905885175
26.24389797368339	-0.2063983003635108	0.3950737756969183	0.4334042314936161
26.768775933157055	-0.11947746413930901	0.5664812481241845	0.5957067376470877
27.3041514518202	-0.25525766688100726	0.4468386076422682	0.493372821721629
27.850234480856603	-0.3866978215955909	0.11402684859641896	0.17279584025820136
28.407239170473737	-0.3836106063645959	-0.2213042556496015	-0.16997154754746474
28.97538395388321	-0.36162026936581787	-0.39589288129364913	-0.3514043603714184
29.554891632960874	-0.373905342393585	-0.3772369025531427	-0.3305681422572687
30.145989465620094	-0.37685359002337915	-0.2260504415484448	-0.17580201053562794
30.748909254932496	-0.43271609668651084	-0.048570773610400186	0.013521766039499311
31.363887440031146	-0.41175146469550994	0.094993559240314	0.1570196803259158
31.99116518883177	-0.31333826253071684	0.15618324401780376	0.20513222488723756
32.6309884926084	-0.30341143006438864	0.08126853549830144	0.12720913020557273
33.283608262460575	-0.3599733387626365	-0.03173068127308168	0.02010437476994692
33.94928042770979	-0.29970715793360747	-0.07568463208745474	-0.0335541013906256
34.62826603626398	-0.303457301707423	-0.0017064807363821877	0.04251215741394243
35.32083135698926	-0.3574839743589251	0.11578312090014029	0.1703283488462365
36.02724798412905	-0.3068191759984043	0.1332960703891532	0.18081753502202783
36.74779294381163	-0.2463834194146539	-0.03896150947726075	-0.00384229226006666
37.482748802687865	-0.44818869938480194	-0.2128132650121315	-0.15188602270626722
38.23240377874162	-0.46289281314167396	-0.1842441518545777	-0.12057736976838727
38.99705185431645	-0.24740530028963206	-0.0003625814625775742	0.03570980438252343
39.776992891402784	-0.36489160812486715	0.1322061015705015	0.18817375487143007
40.57253274923084	-0.36959448236414605	0.08905360703297155	0.1448080858575964
41.383983404215456	-0.33576975718037244	-0.07117444685551823	-0.02369082490953721
42.21166307229977	-0.33145437995005017	-0.21448932131390697	-0.17062075176523106
43.055896333745764	-0.3472159777607463	-0.13607566138343047	-0.08827490757214317
43.91701426042068	-0.39846193387619444	0.12583405538164336	0.18656463022570594
44.795354545629095	-0.2614318541515698	0.3157162316695489	0.3604191318931017
45.691261636541675	-0.33272303668449305	0.044298589282383706	0.09374358607558864
46.60508686927251	-0.4125680443540952	-0.3200729538121878	-0.2665749672149696
47.53718860665796	-0.36990727751116664	-0.23536234579246434	-0.18632091669276205
48.48793237879112	-0.30446426752705463	0.12060409630490915	0.16751772065895687
49.457691026366945	-0.26177411035731313	0.2677041665979655	0.3114567278291979
50.44684484689429	-0.45199635811424665	-0.06002119169479625	0.004644502369889933
51.455781743832176	-0.33064487186723407	-0.44875787518996374	-0.40988795377578274
52.484897378708816	-0.5035690786831092	-0.1879198924776553	-0.11839773292965308
53.534595326283	-0.1968909050921633	0.4596398896282643	0.4979289776547936
54.60528723280866	-0.30612277814580835	0.33386459898614834	0.3854630166112902
55.69739297746483	-0.3516996462118	-0.2854218216033048	-0.24007857781415276
56.81134083701413	-0.43203957886523675	-0.33184478587193467	-0.2757524469930864
57.94756765375441	-0.3091922990055362	0.07322130983054861	0.11983729739032568
59.1065190068295	-0.39600729049352423	0.06233816224776301	0.12138793715823035
60.28864938696609	-0.2887270415883985	-0.15635164960089892	-0.11750294873594279
61.494422374705415	-0.34378764951501767	0.14635089998997167	0.19953557596070282
62.72431082219952	-0.24996302732571124	0.25540413431713815	0.2971779952670781
63.97879703864351	-0.47639804533681296	-0.2765486088212299	-0.2128353232267203
65.2583729794164	-0.3860606150516544	-0.18620163715539395	-0.13378033156776506
66.56354043900471	-0.23835547117236938	0.3471186259485889	0.38911043686848834
67.89481124778482	-0.46569179510500264	-0.09532849024600959	-0.029401113673321932
69.25270747274051	-0.22818218390983577	-0.4283688274781531	-0.40401660956376384
70.63776162219531	-0.341490414204786	0.2958251597868248	0.35178886935391496
72.05051685463923	-0.37181364802119965	0.2075429696174279	0.26608960515421587
73.49152719173202	-0.2966744043489026	-0.4408688137570466	-0.406788563409437
74.96135773556665	-0.4064507611766832	0.10970474723562743	0.1712643321413026
76.46058489027799	-0.36623687512441955	0.1553982261781594	0.21204523351251553
77.98979658808355	-0.26307515106945867	-0.3063254118968408	-0.27434206511372905
79.54959251984522	-0.38549593591774733	0.020568446853965555	0.07721511348476127
81.14058437024212	-0.4159409478863568	0.15115633115761745	0.2149634762901615
82.76339605764697	-0.2751271361668218	-0.05171121554139799	-0.0126658251741823
84.41866397879991	-0.32052424195348633	-0.08363523219927654	-0.03863451425187797
86.10703725837591	-0.4298617088062823	-0.22575083270464072	-0.16776580918507128
87.82917800354343	-0.2701124153543074	0.25220730355720844	0.29685301628715355
89.5857615636143	-0.41664457872772176	-0.02824354978913672	0.031928710654715725
91.37747679488659	-0.3680868215535126	-0.25838775568462763	-0.2100915057848366
93.20502633078432	-0.17888387720278368	0.21163769469866886	0.242134045430297
95.06912685740001	-0.302435066470187	-0.18188958089034762	-0.14157383329866086
96.97050939454802	-0.38163265889614173	0.07743934085819953	0.13470742321509932
98.90991958243897	-0.5208622908505142	0.07679599349002933	0.15435499410343823
100.88811797408776	-0.4794647895038059	-0.20991632451148126	-0.14436763280283205
102.90588033356951	-0.309955171345795	0.1374617470029929	0.18552732922015033
104.9639979402409	-0.3492731634820048	-0.057790288826970584	-0.008058583503073424
107.06327789904573	-0.3316412868059966	-0.07787071502239337	-0.031128667259485376
109.20454345702665	-0.2769912589165501	0.2282001064097862	0.2733488338853203
111.38863432616718	-0.38829989242672214	-0.2945867228879364	-0.24409687863587148
113.61640701269053	-0.372910876462153	0.005775191885842329	0.060278344534194665
115.88873515294434	-0.3277258539022596	0.16824564281074061	0.21954411406337723
118.20650985600322	-0.41924498075517597	-0.20717903803687657	-0.1503553749691818
120.57064005312328	-0.30613578824272236	0.12224267907289317	0.16943420400564205
122.98205285418575	-0.3997847247637922	-0.29205320576390975	-0.23983570852260486
125.44169391126948	-0.4388567786721553	0.22688767590107972	0.2956144493720415
127.95052778949487	-0.44751667892729596	-0.2608469219935344	-0.20101838385816903
130.50953834528477	-0.33414119981811125	0.15100574530673705	0.20288062330743534
133.11972911219047	-0.3502709446261875	-0.022342048269169967	0.02827367181654125
135.7821236944343	-0.34011315796767466	0.02901039378259339	0.07921461252335003
138.49776616832295	-0.3294778469347295	-0.09077041488452334	-0.04461261251663623
141.26772149168943	-0.3183743985363902	0.07538121684813276	0.1233812586523591
144.09307592152322	-0.46637761746673373	-0.2169508916150559	-0.15345729930980434
146.9749374399537	-0.23465578724579225	0.007507790019723126	0.041884837951812096
149.91443618875277	-0.43165523750724855	0.01512940551332017	0.07839432359798806
152.9127249125278	-0.5487235337141392	-0.17281059730733414	-0.09638863608459164
155.97097941077837	-0.31746436402117084	-0.11403872436877296	-0.07011764470670157
159.09039899899395	-0.38135421147931103	0.179925773995177	0.23928838346080936
162.27220697897383	-0.34600762927904827	-0.039915027130639144	0.009712855740667062
165.51765111855332	-0.43211979708391546	-0.3019282807193724	-0.24520098282628836
168.82800414092438	-0.22289254884730061	0.23166505964674247	0.2689965784296142
172.20456422374286	-0.47767474818907585	-0.12309775588980443	-0.05600139169326844
175.64865550821773	-0.10327053334744693	0.361694122516258	0.38428970284851605
179.16162861838208	-0.5055270062573426	-0.010633365706828699	0.06286779425347488
182.74486119074973	-0.3287401745299424	-0.2641648091320282	-0.221726967203329
186.39975841456473	-0.41142721303412694	-0.035751407414341144	0.023503573498670185
190.12775358285603	-0.32392257275262337	0.08512794520294054	0.1341401525877594
193.93030865451314	-0.28679120269994757	-0.2792367149547011	-0.24323042945584838
197.80891482760342	-0.3487856826490894	0.01129275262949253	0.062392597028932545
201.7650931241555	-0.43712462687543957	0.08985638935430457	0.15547573888518745
205.8003949866386	-0.3327932055583922	-0.11077627325077274	-0.064551769799565
209.91640288637137	-0.27238105147758956	-0.19781095645719066	-0.16220978137623365
214.11473094409882	-0.37005677722898517	-0.1030789011113789	-0.051259764871972285
218.3970255629808	-0.22641859202079764	0.03197988145466918	0.06566550698800774
222.76496607424042	-0.2856582383076806	0.05195827933225469	0.09469923657154669
227.22026539572522	-0.2938397376253494	-0.3867835685817349	-0.3519899311901578
231.76467070363972	-0.31355839337785146	-0.28098373515954495	-0.24111029727443206
236.39996411771253	-0.32567161701201885	-0.34485177623672003	-0.3045424107607322
241.1279634000668	-0.5004227128533638	-0.1899100484935233	-0.12088819554602281
245.95052266806812	-0.36726457949969793	0.01581815913724407	0.0697071219629759
250.8695331214295	-0.3105633462188853	0.2904495480728174	0.3417910683145885
255.8869237838581	-0.30887052265415854	0.17750479957938298	0.22624643412435155
261.0046622595353	-0.34893193759627017	0.0261062022040425	0.07753598898274938
266.224755504726	-0.2817187052268426	-0.03346654669966789	0.0069202114230035305
271.5492506148205	-0.252099030944929	-0.21224040557571106	-0.1798976386790696
276.9802356271169	-0.4832597734367641	-0.14921544280364063	-0.08184871423585516
282.51984033965925	-0.37009245641778754	-0.002222458040661207	0.051703057311085716
288.17023714645245	-0.3349835875626311	0.08635962178719193	0.1370105537606421
293.9336418893815	-0.21631086361550575	-0.04403019928804419	-0.013402160829284027
299.8123147271691	-0.34253033177616965	0.2620161881236988	0.3174271987603006
305.80856102171253	-0.22867661933125333	0.48162756538641527	0.5250101466511067
311.9247322421468	-0.2553027500296849	-0.19297155260068108	-0.15976014223386628
318.1632268869897	-0.14151420234218098	0.37756298246307607	0.4060663657726249
324.5264914247295	-0.35376558754385123	-0.444190023897878	-0.40185316787893877
331.01702125322413	-0.453577455439371	0.035040314714936925	0.10191703352307303
337.6373616782886	-0.4069584380905423	-0.13726621274479242	-0.08077781995543812
344.3901089118544	-0.28936151231100693	0.098313447873929	0.14256019858332442
351.27791109009144	-0.3992598815555709	-0.21939071611322733	-0.16573595663873222
358.3034693118933	-0.45995983061896417	0.10413731741903756	0.17338432016386643
365.46953869813115	-0.32107950204067637	-0.2280517787763972	-0.1859787634533066
372.7789294720938	-0.38289981945889406	0.2820099893659901	0.3437247544822037
380.2345080615357	-0.387779809287436	0.19119220746831506	0.2517266006449894
387.8391982227664	-0.25741154608689093	-0.15628298052490486	-0.12199969214816886
395.59598218722175	-0.3775932114858476	-0.3751955248108864	-0.32794642156942694
403.5079018309662	-0.3331680080475375	0.2595495068245903	0.31354378939036853
411.5780598675855	-0.36790641811468006	-0.07190795202528133	-0.0197530150507505
419.80962106493723	-0.37101344610871356	-0.00501720590824177	0.048984396526190556
428.20581348623597	-0.35513414980831254	-0.28254827241876224	-0.2366442979137744
436.76992975596073	-0.32868607125723	-0.11340792583125583	-0.06783720556106118
445.5053283510799	-0.3593141016353083	-0.3523344392355803	-0.3072747668978391
454.41543491810154	-0.16653941091448338	-0.059102789995258864	-0.03604710069513117
463.50374361646357	-0.19483421085704167	0.19018976951102445	0.22256537879248944
472.77381848879287	-0.473516187106774	-0.0783996458392748	-0.010978527841188551
482.2292948585687	-0.49852413410574475	-0.05936401026539687	0.012100675744495144
491.8738807557401	-0.321717346350775	-0.09191410839476943	-0.04691187264350577
501.7113583708549	-0.27113152540364377	0.26070195624605974	0.3056732611225508
511.745585538272	-0.4182404245070518	-0.0752724661481844	-0.015847247285659824
521.9804972490375	-0.39959376761227566	-0.004248573574779188	0.05393700558586979
532.4201071940182	-0.2590491916458708	-0.261184350783472	-0.22884768430977145
543.0685093378986	-0.3159858887948278	0.13963333540940576	0.18862363867968074
553.9298795246566	-0.40589908163562666	-0.3109135000841166	-0.2581972485973401
565.0084771151497	-0.3372914314849701	-0.09610712426518839	-0.048921022262488345
576.3086466574528	-0.361838966578064	-0.19583021934638567	-0.147141832956801
587.8348195906018	-0.32896760089967747	0.04328344240545515	0.09215962258677174
599.5915159824139	-0.3364740753131723	-0.11313897497019738	-0.0664269009655722
611.5833463020622	-0.3878894907129919	0.13323836488143515	0.192581381545443
623.8150132281033	-0.20458123853190674	0.27976204405434635	0.31542518392471497
636.2913134926655	-0.4020630514618793	-0.01628055017587407	0.042014466700319233
649.0171397625188	-0.4378641407899619	-0.09622308672286836	-0.034372547164392
661.9974825577692	-0.24260122860492386	-0.32496128265522184	-0.2963519635389875
675.2374322089246	-0.2781415325841108	-0.4197038123774088	-0.3878853349667554
688.742180853103	-0.3535228427609428	-0.3463982466211911	-0.3020594621898286
702.5170244701651	-0.416853894884522	-0.06992142306162526	-0.01058692637141637
716.5673649595684	-0.359671271129687	-0.07823852262202399	-0.027416431470236785
730.8987122587598	-0.22040279057364104	0.3804805120016938	0.4205492629603851
745.516686503935	-0.4330994806158082	-0.2807715159686354	-0.2234605816281766
760.4270202340138	-0.42171428338764577	-0.13094038367946856	-0.07216830867875906
775.6355606386941	-0.35434860075443764	0.28908347457176675	0.34678188456870074
791.1482718514679	-0.42669176551334576	0.03794528817325685	0.100961697480896
806.9712372884973	-0.30174933183772057	0.163847353511133	0.2112659509356158
823.1106620342673	-0.3433582466403243	0.07544246153655415	0.12708725712027968
839.5728752749526	-0.37439531806533227	-0.1416446583324488	-0.08999627149651393
856.3643327804517	-0.43594328018321366	0.20567429522664243	0.2735342380705828
873.4916194360608	-0.5205994328205122	-0.006435344384904729	0.0693513365600678
890.961451824782	-0.37448160964554555	0.049049676772426255	0.10468344644516056
908.7806808612777	-0.26064594015898784	-0.2919127532798672	-0.25998340270001197
926.9562944785032	-0.37284905303977794	-0.2257131199691476	-0.17604165640020392
945.4954203680733	-0.39968671702159786	0.04053552839641569	0.0996676648036574
964.4053287754348	-0.31499699943374776	0.06786370090971704	0.11521459042942439
983.6934353509434	-0.4446763333510761	-0.07827186155283533	-0.015053893388154056
1003.3673040579624	-0.458167519703847	-0.07570867113770254	-0.010469838496260313
1023.4346501391217	-0.3595557832941433	-0.23707374035381817	-0.18957755821412667
1043.903343141904	-0.3719950331440717	-0.03886749381954342	0.014572042392726567
1064.7814100047422	-0.3789746153875452	-0.321340579027629	-0.27276804301335433
1086.077038204837	-0.45666186000560466	0.0573345553849669	0.1251255465396377
1107.7985789689337	-0.22552635595611442	0.3094583785229275	0.34879468831908855
1129.9545505483125	-0.35851190759460877	0.22203240478170538	0.278941066405538
1152.5536415592787	-0.47305952609525453	-0.15322687798138002	-0.08743125705043411
1175.6047143904643	-0.32281774309660316	0.07562953449330898	0.12428273733017417
1199.1168086782736	-0.31573081179785706	-0.20842514808090037	-0.16672326194539824
1223.0991448518391	-0.18988443880157163	-0.09692680027213987	-0.07125462795258025
1247.561127748876	-0.38226507517170477	0.1303045758270749	0.18876624461934588
1272.5123503038535	-0.3751381707314229	-0.1813888865350442	-0.1304601717728585
1297.9625973099305	-0.37199374510603217	-0.024701627537265222	0.02903284305033818
1323.9218492561292	-0.409416440392451	-0.020673831068292296	0.0386020283416841
1350.400286241252	-0.3507708390714578	0.08664972160465259	0.13960900483600377
1377.4082919660768	-0.46990986520865	-0.1353998311134698	-0.06969213891873885
1404.9564578053985	-0.3429702574415985	-0.21930090022446438	-0.17385317310224088
1433.0555869615064	-0.46703460978746997	-0.14048176947839827	-0.07529925908185879
1461.7166987007367	-0.2149147659832329	0.2053777972286819	0.24099823804350087
1490.9510326747513	-0.299468506193691	-0.21999522611557012	-0.1809059695063979
1520.7700533282464	-0.38440088117169	-0.13090798196047965	-0.07757676974711819
1551.1854543948114	-0.5044636859291927	-0.002220986717516381	0.07130036359054262
1582.2091634827077	-0.31123445240469944	0.08530001366499118	0.13246545492536382
1613.8533467523619	-0.5125241988221337	0.002610049334633803	0.0774075376906665
1646.1304136874091	-0.2916121551409194	0.13751191891004927	0.18290352317872605
1679.0530219611574	-0.3017190515754495	-0.28935433116103026	-0.2513818513721321
1712.6340824003805	-0.23466663619429326	0.28661894030695656	0.32681238600835255
1746.8867640483882	-0.26813242381825114	-0.011930930332276712	0.02692315375929577
1781.8244993293558	-0.3183621278030235	-0.2068224735283002	-0.16470346475553213
1817.4609893159432	-0.43439790365608466	-0.13253020963984805	-0.07194156139083266
1853.810209102262	-0.47391981299608854	-0.03244903359532923	0.03598825093336436
1890.8864132843073	-0.2768081912738461	-0.08197521143378628	-0.04331516711122094
1928.7041415499934	-0.2986508511718956	0.14185932252545885	0.1883679742073074
1967.2782243809934	-0.25114228551229273	-0.48532684684899324	-0.4588129061878044
2006.6237888686132	-0.251353228578319	-0.2610116660224252	-0.22979372989688754
2046.7562646459855	-0.33334786167203717	-0.04467399164173985	0.0030085300262293335
2087.691389938905	-0.40122415208980183	-0.2792745411484815	-0.2265809052426454
2129.4452177376834	-0.2907245100616792	0.2580508559124456	0.3058242397946164
2172.034122092437	-0.2983858923607684	0.11325737672177028	0.15913151470608583
2215.474804534286	-0.3474298511170467	0.09490756770155624	0.1475516619832413
2259.784300624972	-0.46760077889847296	0.02839392349139392	0.09717724382015858
2304.979986637471	-0.298518960108449	0.23389081208922907	0.2822975523569035
2351.0795863702206	-0.36834025627028083	0.2335053252578585	0.29208630690681314
2398.101178097625	-0.38334499570619146	-0.09140939692117082	-0.037409280816542226
2446.0632016595778	-0.16764062182556544	-0.09407822290102655	-0.07159059519523617
2494.9844656927694	-0.27203766015891406	-0.040706137236168366	-0.0018820229887469841
2544.8841550066245	-0.4984250860049559	-0.16957078134173398	-0.10041651424396406
2595.7818381067573	-0.33652735104448694	-0.22709319682769452	-0.18274739973428383
2647.697474868892	-0.4206305933861416	0.06979654062267644	0.1325925967544612
2700.6514243662705	-0.32970783052546615	0.11237820545737737	0.16280181002270322
2754.664452853596	-0.440579475045203	-0.29534750159115913	-0.2372494010968829
2809.757741910668	-0.3967673056407835	-0.19490808222021225	-0.14110676852718587
2865.952896748881	-0.36115257966594794	0.07298844757292358	0.12717712476531023
2923.271954683859	-0.3980457050966609	0.010152884899544551	0.06841273532821476
2981.737393777536	-0.358555415738681	-0.026253659804685858	0.025488720411274174
3041.3721416530866	-0.3866088363816536	0.09287756230600336	0.15119296682636957
3102.1995844861485	-0.4668473006447367	-0.13696305851219376	-0.07173455755384048
3164.2435761758716	-0.457164846238174	-0.08297830336447949	-0.01803714460817238
3227.528447699389	-0.32791718220051375	-0.3365635753353089	-0.295754060750553
3292.079016653377	-0.21295156927110645	0.13159005097588547	0.16538694755658617
3357.9205969864443	-0.45296233118998175	-0.148612638826074	-0.08565172883641149
3425.0790089261736	-0.42222094986630926	0.06919140441425843	0.13220678052839224
3493.580589104697	-0.39897656325645553	0.1448382161453741	0.20603976112330247
3563.452200886791	-0.40278582477824093	0.14664876297834742	0.20844354498722312
3634.721244904527	-0.36267196950293545	0.12531521967980663	0.18081561564231402
3707.4156698026172	-0.3289634605674871	-0.3639611934712926	-0.32356988033585277
3781.56398319867	-0.4250753899601383	-0.024869236930246362	0.03660281500289368
3857.195262862643	-0.5193709537113297	0.024808767105849484	0.10106721383679029
3934.3391681198964	-0.20180407945224726	0.14073563779853507	0.1730973918394573
4013.025951482294	-0.3703345597214144	-0.26645191529990847	-0.2179958735759503
4093.28647051194	-0.33720630641518107	-0.03693300183443299	0.011473480312896883
4175.152199922179	-0.41415068184979337	0.07062263063512922	0.13249090987645593
4258.6552439206225	-0.3298180500405473	-0.1860213330176887	-0.14179831182464425
4343.828348799036	-0.2230941668392447	-0.2746230607000516	-0.24780980846724612
4430.704915775016	-0.11602060698832505	0.44888214701632256	0.47515353026496004
4519.319014090516	-0.23425203027670957	0.09612898630692193	0.132293427937003
4609.705394372327	-0.3436705967757487	-0.005892201906133196	0.044103672583952445
4701.899502259774	-0.415152723667288	-0.24859095491751254	-0.19322682761014784
4795.937492304969	-0.3281400783032576	-0.44738330959932987	-0.40885003379675755
4891.856242151069	-0.2437761919560955	-0.19861959917060626	-0.16720681282639663
4989.69336699409	-0.35976024088961056	-0.1844652244268289	-0.13584321480598627
5089.487234333972	-0.410114837910611	0.07834796644525736	0.13978862960816432
5191.276979020651	-0.375628214158751	0.1155355771413811	0.17272168289664439
5295.102518601065	-0.36197052068839825	-0.20355148578667148	-0.15500477414016917
5401.004568973086	-0.41458478845559543	-0.11271806039961113	-0.054606071674828636
5509.0246603525475	-0.403411821931376	-0.30612917381115445	-0.2536759742338946
5619.205153559598	-0.5156340413986568	-0.06569053531495861	0.008137542903283862
5731.589256630791	-0.2717306417050277	0.05371639506001852	0.0944628718724188
5846.221041763407	-0.4755079187689488	-0.159746954322387	-0.09373011105029835
5963.145462598675	-0.31409447456208217	-0.30723243596789734	-0.26782766751025827
6082.408371850649	-0.4025665152253147	0.06315151729628352	0.12317479071031451
6204.0565392876615	-0.3300713417089077	0.07979824793867525	0.1295961154366134
6328.137670073415	-0.2929246821532867	0.15592105312107932	0.2018875912084561
6454.700423474884	-0.3867013696915538	-0.009455939772975822	0.04674101122843875
6583.794431944381	-0.39862663139605964	-0.10717427372395544	-0.05127402068127909
6715.470320583269	-0.34654105080291603	-0.31566636111161905	-0.27170550705935254
6849.779726994934	-0.16204017432522352	-0.0825540054607233	-0.06064302181872652
6986.775321534833	-0.3395552869084294	-0.08297555022109225	-0.0351857281765524
7126.51082796553	-0.3333124791140482	0.31987594471802966	0.37514809677045396
7269.041044524841	-0.5368862299343107	-0.05447522628695267	0.022685781697489443
7414.421865415337	-0.3364511004725205	-0.07207183955720366	-0.02450755072906939
7562.710302723644	-0.3441896608638601	0.09095128593552121	0.14304042993515756
7713.964508778117	-0.2177623211334009	0.3520689759571598	0.39116075145488827
7868.24379895368	-0.45679389021275085	-0.020894554701086462	0.0452859177320004
8025.608674932754	-0.30551135525115103	-0.2513227641576453	-0.2120049157701369
8186.120848431409	-0.34616705360993333	0.08288574033194637	0.13509522190697723
8349.843265400037	-0.2933856222263819	0.06513691660510504	0.10927933894239208
8516.840130708038	-0.2048700300158589	0.2282165339241533	0.2628479244248859
8687.1769333222	-0.262137295920045	0.3228186614188572	0.36777240585342325
8860.920471988644	-0.23974824578144707	0.04825443615414539	0.08422302275048452
9038.138881428416	-0.35545070116046673	0.04856171018985336	0.1014099730713767
9218.901659056984	-0.5252247380535773	-0.07094105823775199	0.004176277348441525
9403.279692238124	-0.35336070239572526	-0.10625743758009343	-0.056939365096968717
9591.345286082887	-0.3996669202934645	0.006753771274166882	0.06517923405184228
9783.172191804546	-0.3518822591061275	-0.2529031164255178	-0.20685576856473917
9978.835635640637	-0.47992612766201637	-0.18610956684503563	-0.11999762253692971
10178.41234835345	-0.411375411107901	-0.18837637673628171	-0.13230863713171875
10381.980595320518	-0.34057061266798455	-0.0025956640847482615	0.0470168072609006
10589.62020722693	-0.3368694473576388	-0.2745635094382892	-0.23115678814526466
10801.412611371468	-0.34668255729432695	-0.5142005475847974	-0.4743551860540581
11017.440863598897	-0.24715634941229334	0.12155127336009036	0.1601272258443851
11237.789680870876	-0.3918808302099755	-0.16837854279669956	-0.11473714136600942
11462.545474488294	-0.32730755443023746	-0.024647494694745614	0.022571367520190233
11691.796383978059	-0.2985426730301746	-0.027313292591655353	0.015655153629585583
11925.63231165762	-0.25645918273382345	-0.04238183280176819	-0.005864490169789044
12164.144957890774	-0.33946409261626825	0.011628740288839413	0.061376185884729345
12407.42785704859	-0.3212732112794971	-0.3763058164189908	-0.3372931776161264
12655.576414189562	-0.41762260366233805	-0.05416217629205625	0.005612741402616878
12908.687942473352	-0.27372843495939797	-0.15496283983340298	-0.1182725022316867
13166.86170132282	-0.33362193365093235	0.36841822521787126	0.42474680356733785
13430.198935349275	-0.3651978638307365	-0.13670306454797718	-0.08629302325074423
13698.802914056261	-0.40398021986096405	-0.06957501387971343	-0.01211071127248356
13972.778972337388	-0.3885339182152828	-0.14308752078441853	-0.08940731439436497
14252.234551784135	-0.1235159118142379	0.43220850163670066	0.4592255825603749
14537.279242819819	-0.2472151030090921	0.05182492963070348	0.08895681818683572
14828.024827676216	-0.3645458032082252	-0.018632489993551916	0.03414226276611523
15124.58532422974	-0.36439019264076766	-0.33965025029812657	-0.29358606075255894
15427.077030714334	-0.3440879486450053	0.2749839926129304	0.3308923183030964
15735.618571328621	-0.2772786573409044	-0.32223419845227197	-0.2885109400578125
16050.330942755194	-0.32728169921486167	-0.08891443629614615	-0.04303823925014857
16371.337561610299	-0.2921445164427753	0.2213448635768689	0.2685606235492917
16698.764312842504	-0.27258758288017626	0.2774180841464653	0.3229499834028757
17032.739599099354	-0.452775877812579	-0.00859063509566308	0.0572602088541784
17373.394391081343	-0.24156472357598568	-0.2137889303201453	-0.18301467751365041
17720.86227890297	-0.37980537560860433	-0.22480050562984052	-0.17409556555420738
18075.27952448103	-0.41673276164422723	0.034305601067922145	0.09579382882995363
18436.78511497065	-0.43651235182525044	-0.12352607007071889	-0.06244147855600987
18805.520817270062	-0.09964907080957183	0.3955007302658896	0.4182724849728249
19181.631233615466	-0.2688687436037489	0.28825100871935905	0.3334662631765591
19565.263858287773	-0.23376615266185247	-0.41169183006442034	-0.38617784592757565
19956.56913545353	-0.24246084367002246	0.3031039098544785	0.3447774476783251
20355.7005181626	-0.2783242783905611	0.238127182046181	0.2836771222707666
20762.814528525854	-0.25514739948565995	0.04907326189693395	0.08730461727811216
21178.07081909637	-0.12875454943226777	0.46157301939287193	0.4899658290890958
21601.6322354783	-0.3611347215276582	-0.18367630158671988	-0.13483741098032648
22033.664880187865	-0.366632191858916	-0.0009261321752375151	0.052521768050536974
22474.338177791622	-0.2657425151385702	0.13531256010748643	0.17688568856743392
22923.824941347455	-0.2984463850851645	-0.1481170962648339	-0.10767943794543136
23382.301440174408	-0.3093368728237059	0.1268730350697475	0.17462785058715768
23849.947468977894	-0.4159812067504551	-0.11172104641859357	-0.05338464223453955
24326.946418357453	-0.41802370406548794	-0.17581370726458598	-0.11851470265638109
24813.485346724603	-0.22546636242601958	0.15675110189807193	0.19289726104140958
25309.755053659093	-0.21230400073195166	-0.07884997535639829	-0.04953168306958025
25815.950154732276	-0.36176025109918986	0.06855220107429252	0.12273707521530543
26332.269157826922	-0.3259182932825938	-0.31974366938427906	-0.2788752447260732
26858.914540983464	-0.35359681969333406	0.3070098022296648	0.3649720426480607
27396.092831803133	-0.40301233060810415	-0.10093088178637995	-0.04426097694324775
27944.014688439194	-0.5523235722718718	-0.09710604499751258	-0.0185818999786461
28502.894982207978	-0.3856056924516068	0.129961747560787	0.18890344745082938
29072.95288185214	-0.47972608657774174	-0.1568859719463985	-0.09019437540269444
29654.411939489182	-0.565572018138802	0.09942458603558901	0.18397518422323905
30247.500178278966	-0.4065813241272175	0.023630981464984446	0.08341640334739087
30852.450181844546	-0.323682687100152	-0.06748519370153828	-0.021687410034881352
31469.49918548144	-0.2798216164477353	0.01276075749638686	0.05383392567618961
32098.88916919107	-0.3011139793510729	-0.08479886375307154	-0.04265305142589568
32740.86695257489	-0.39631405553231014	-0.2570954668361411	-0.2046558226300989
33395.684291626385	-0.34624525051428723	-0.19220060152614177	-0.14571068169126958
34063.597977458914	-0.4609842497498492	-0.12507770559602913	-0.06045662137409341
34744.869937008094	-0.464424721895233	-0.13417609885056547	-0.06924282896689744
35439.767335748256	-0.44567398526521473	-0.2801154049847914	-0.220957019737464
36148.56268246322	-0.2303637069413344	0.06625351912439562	0.10122850803509847
36871.533936112486	-0.3041776848794907	-0.11444109089688015	-0.07246603457897272
37608.96461483474	-0.48415673073453913	0.09961813929602642	0.17229970709681391
38361.14390713144	-0.31447856783161543	-0.34282564266633364	-0.3041063857464384
39128.36678527406	-0.3987428469804428	-0.12919876730269758	-0.07374040977018924
39910.934120979546	-0.4643065695941056	-0.2654357237431749	-0.20325425992201718
40709.152803399134	-0.11231897466787451	0.5801083642088277	0.6085738056022434
41523.33585946712	-0.3943644928628487	0.02482414566670902	0.08285280391059752
42353.80257665646	-0.28567561629696925	-0.0530647378924371	-0.012509225888554881
43200.878628189595	-0.5119288189673193	-0.07775569780573525	-0.004719322077287265
44064.896200753385	-0.46602931550215526	-0.03348348801010918	0.03378154783374449
44946.19412476845	-0.3196987445638017	-0.018616261847229698	0.02761863294650746
45845.11800726382	-0.35137448384919023	-0.037091360413414216	0.01337801513931313
46762.0203674091	-0.2928783901824886	-0.0935920196805192	-0.052830421522250454
47697.260774757284	-0.26403245410591003	-0.1496972100928825	-0.1143111690793722
48651.205990252434	-0.41001542244891315	-0.2039532276681949	-0.14840833747081583
49624.230110057484	-0.36732835974311145	0.0494643422577351	0.10406356851730837
50616.71471225863	-0.4634489487290581	-0.4051634504640437	-0.346018050659057
51629.0490065038	-0.4060759566056267	0.13355234496752993	0.19555409582600736
52661.62998663388	-0.3779629380718793	-0.28383637562392255	-0.2346300383139385
53714.86258636656	-0.44798970864259924	-0.14112792915146463	-0.07873626183174112
54789.159838093896	-0.3717933793860927	0.028519422525783975	0.08333344498887632
55884.94303485577	-0.2595481491554612	0.29131441834916094	0.3352342404832732
57002.641895552886	-0.36908043119232103	0.032895875402833515	0.0874054356892727
58142.69473346395	-0.25791626742884477	0.14280933777050184	0.1833973213074272
59305.54862813323	-0.45036746101961783	-0.11176081366853115	-0.04841057588793121
60491.65960069589	-0.3756473397967009	0.00361985254292968	0.05847716985792625
61701.49279270981	-0.34649388329321884	0.1759871483483607	0.23018390525254598
62935.52264856401	-0.356182643898862	0.3176086690457512	0.3761688185527884
64194.23310153529	-0.21738438890794085	-0.3304185830604386	-0.3056004134917898
65478.117763566	-0.3792518109389439	-0.010716833066841153	0.04436745533952891
66787.68011883732	-0.27123001421029413	0.21968681140533639	0.2638179970486154
68123.43372121407	-0.4308312205651947	0.12110144912613632	0.18645394898202175
69485.90239563835	-0.42518970993021665	-0.18948293481747036	-0.13142366326134444
70875.62044355112	-0.3740739561267179	-0.08985103603142697	-0.03717048068026868
72293.13285242215	-0.3137946325108987	0.005422973346514412	0.051297669199072825
73738.99550947058	-0.3085962361190249	0.2887937848994435	0.3398139398522064
75213.77541966	-0.16615310180114062	0.4601041480237096	0.4939203117868699
76718.0509280532	-0.3169565863388113	0.11874650324349348	0.16744322423547625
78252.41194661426	-0.3284041611161939	-0.13203235953984493	-0.08689076020081336
79817.46018554654	-0.4143995878082179	-0.09422623404520752	-0.03575600736578413
81413.80938925748	-0.2041780729419517	0.2645158593277356	0.2998025753677647
83042.08557704263	-0.39904113115898826	-0.1337972110889058	-0.07839115469257225
84702.9272885835	-0.25443317528001774	0.2006592151027861	0.24194445347909674
86396.98583435516	-0.3173953189594991	-0.3605951416764552	-0.32182072311312104
88124.92555104227	-0.25950430756567333	-0.02926859900305198	0.007966016704378354
89887.42406206312	-0.3134480706283326	-0.13566487441466288	-0.09278004899833639
91685.17254330438	-0.2849383223750847	-0.5465859735644214	-0.516419676000647
93518.87599417046	-0.36099650820878504	-0.07472964842855359	-0.02364119199036724
95389.25351405388	-0.4616811366280819	-0.3353725463444751	-0.27503097530172294
97297.03858433495	-0.3007926935296477	0.05840821452752855	0.1034906534699257
99242.97935602165	-0.31255452617852436	-0.1946808829330583	-0.15315586625979544
101227.8389431421	-0.2578470931845443	-0.1640705912557222	-0.12988602748413697
